Key:
"0" - Binary zero
"1" - Binary one
"2" - Frame reference marker
"3" - Error
"DOUBLE SYNC MARKER" - PIC found a double reference marker (start of minute)
"FRAME:" - PIC has received a full data frame
"PASSED VALIDATION @ (timestamp)" - Data frame has been processed and has passed validation checks. The timestamp is taken from the RTC which should be programmed with the correct time prior to running debug mode.
"FAILED VALIDATION @ (timestamp)" - Data frame has been processed and has failed validation checks. The timestamp is taken from the RTC which should be programmed with the correct time prior to running debug mode.
"RESET" - The Arduino/PIC has been reset. 
Any other data - Time data formatted for the RTC (Ex. 0 80 58 6 E 9 12 11)

An example debug log is below:
-----------------------------------------------------------------------------

2 0 0 0 0 2 
2 DOUBLE SYNC MARKER
1 0 1 0 0 1 0 1 2 0 0 0 0 0 0 1 1 0 2 0 0 1 1 0 0 1 0 0 
RESET
2 0 0 1 1 0 0 0 1 0 2 0 1 0 0 0 0 0 0 1 2 0 0 0 0 0 0 2 
2 DOUBLE SYNC MARKER
1 0 1 0 0 1 1 0 2 0 0 1 1 0 0 1 0 0 2 0 0 1 1 0 0 0 1 0 2 0 1 0 0 0 0 0 0 1 2 0 0 0 1 0 0 0 0 0 2 2 DOUBLE SYNC MARKER
1 0 1 0 0 1 1 1 2 0 0 0 0 0 0 1 1 0 2 0 0 1 1 0 0 1 0 0 2 0 0 1 1 0 0 0 1 0 2 0 1 0 0 0 0 0 0 1 2 0 0 0 1 0 0 0 0 0 2 FRAME: 
PASSED VALIDATION @ 2011/12/9 1:57
0 80 58 6 E 9 12 11 
0 
1 
0 
0 
0 
2 0 0 0 0 0 0 1 1 0 
2 0 0 1 1 0 0 1 0 0 
2 0 0 1 1 0 
RESET

RESET

RESET
0 
0 
0 

RESET
1 
1 
0 
0 
0 
0 

RESET

RESET
1 

RESET
3 
1 
2 0 0 0 0 0 0 1 1 0 
2 0 0 1 1 0 0 1 0 0 
2 0 0 1 1 0 0 0 1 0 
2 0 1 0 0 0 0 0 0 1 
2 0 0 0 1 0 0 0 0 0 
2 2 DOUBLE SYNC MARKER
0 0 0 0 0 0 0 0 2 0 0 0 0 0 0 1 1 1 2 0 0 1 1 0 0 1 0 0 2 1 0 0 0 1 0 1 1 0 0 
0 
0 
1 
2 0 0 0 1 0 0 0 0 0 
2 2 DOUBLE SYNC MARKER
0 0 0 0 0 0 0 1 2 0 0 0 0 0 0 1 1 1 2 0 0 1 1 0 0 1 0 0 2 0 0 1 1 0 0 0 1 0 2 0 1 0 0 0 0 0 0 1 2 0 0 0 1 0 0 0 0 0 2 FRAME: 
PASSED VALIDATION @ 2011/12/9 2:1
0 80 2 7 E 9 12 11 
1 
0 
0 
0 
1 
0 
2 0 0 0 0 0 0 1 1 1 
2 0 0 1 1 0 0 1 0 0 
2 0 0 1 1 0 0 0 1 0 
2 0 1 0 0 0 0 1 0 0 
0 
0 
0 
0 
0 
0 
0 
0 
0 
0 
1 
1 
1 
2 0 0 1 1 0 0 1 0 0 
2 0 0 1 1 0 0 0 1 0 
2 0 1 0 0 0 0 0 0 1 
2 0 0 0 1 0 0 0 0 0 
2 2 DOUBLE SYNC MARKER
0 0 0 0 0 1 0 0 2 0 0 0 0 0 0 1 1 1 2 0 0 1 1 0 0 1 0 0 2 0 0 1 1 0 0 0 1 0 2 0 1 0 0 0 0 0 0 1 2 0 0 0 1 0 0 0 0 0 2 FRAME: 
PASSED VALIDATION @ 2011/12/9 2:4
0 80 5 7 E 9 12 11 
1 
0 
0 
0 
0 
0 
1 
0 
1 
2 0 0 0 0 0 0 1 1 1 
2 0 0 1 1 0 0 1 0 0 
2 0 0 1 1 0 0 0 1 0 
2 0 1 0 0 0 0 0 0 1 
2 0 0 0 1 0 0 0 0 0 
2 2 DOUBLE SYNC MARKER
0 0 0 0 0 1 1 0 2 0 0 0 1 1 1 2 
0 0 1 1 0 0 1 0 0 
2 0 0 1 1 0 0 0 1 0 
2 0 1 0 0 0 0 0 0 1 
2 0 0 0 1 0 0 0 0 0 
2 2 DOUBLE SYNC MARKER
0 0 0 0 0 1 1 1 2 0 0 0 0 0 0 1 1 1 2 0 0 1 1 0 0 1 0 0 2 0 0 1 1 0 0 0 1 0 2 0 1 0 0 0 0 0 0 1 2 0 0 0 1 0 0 0 0 0 2 FRAME: 
PASSED VALIDATION @ 2011/12/9 2:7
0 80 8 7 E 9 12 11 
0 
1 
1 
2 0 0 1 1 0 0 1 0 0 
2 0 0 1 1 0 0 0 1 0 
2 0 1 0 0 0 0 0 0 1 
2 0 0 0 1 0 0 0 0 0 
2 2 DOUBLE SYNC MARKER
0 0 0 0 1 0 0 1 2 0 0 0 0 0 0 1 1 1 2 0 0 1 1 0 0 1 0 0 2 0 0 1 1 0 0 0 1 0 2 0 1 0 0 0 0 0 0 1 2 0 0 0 1 0 0 0 0 0 2 FRAME: 
PASSED VALIDATION @ 2011/12/9 2:9
0 80 10 7 E 9 12 11 
0 
0 
0 
0 
0 
1 
1 
1 
2 0 0 1 1 0 0 1 0 0 
2 0 0 1 1 0 0 0 1 0 
2 0 1 0 0 0 0 0 0 1 
2 0 0 0 1 0 0 0 0 0 
2 2 DOUBLE SYNC MARKER
0 0 1 0 0 0 0 1 2 0 0 0 0 0 0 1 1 1 2 0 0 1 1 0 0 1 0 0 2 0 0 1 1 0 0 0 1 0 2 0 1 0 0 0 0 0 0 1 2 0 0 0 1 0 0 0 0 0 2 FRAME: 
PASSED VALIDATION @ 2011/12/9 2:11
0 80 12 7 E 9 12 11 
1 
0 
0 
1 
0 
0 
0 
1 
0 
2 0 0 0 0 0 0 1 1 1 
2 0 0 1 1 0 0 1 0 0 
2 0 0 1 1 0 0 0 1 0 
2 0 1 0 0 0 0 0 0 1 
2 0 0 0 1 0 0 0 0 0 
2 2 DOUBLE SYNC MARKER
0 0 1 0 0 0 1 1 2 0 0 1 2 
0 0 1 1 0 0 1 0 0 
2 0 0 1 1 0 0 0 1 0 
2 0 1 0 0 0 0 0 0 1 
2 0 0 0 1 0 0 0 0 0 
2 2 DOUBLE SYNC MARKER
0 0 1 0 0 1 0 0 2 0 0 0 0 0 0 1 1 1 2 0 0 1 1 0 0 1 0 0 2 0 0 1 1 0 0 0 1 0 2 0 1 0 0 0 0 0 0 1 2 0 0 0 1 0 0 0 0 0 2 FRAME: 
PASSED VALIDATION @ 2011/12/9 2:14
0 80 15 7 E 9 12 11 
0 
1 
2 0 0 0 0 0 0 1 1 1 
2 0 0 1 1 0 0 1 0 0 
2 0 0 1 1 0 0 0 1 0 
2 0 1 0 0 0 0 0 0 1 
2 0 0 0 1 0 0 0 0 0 
2 2 DOUBLE SYNC MARKER
0 0 1 0 0 1 1 0 2 0 0 0 0 0 0 1 1 1 2 0 0 1 1 0 0 1 0 0 2 0 0 1 1 0 0 0 1 0 2 0 1 0 0 0 0 0 0 1 2 0 0 0 1 0 0 0 0 0 2 FRAME: 
PASSED VALIDATION @ 2011/12/9 2:16
0 80 17 7 E 9 12 11 
2 DOUBLE SYNC MARKER
0 0 1 0 0 1 1 1 2 0 0 0 0 0 0 1 1 1 2 0 0 1 1 0 0 1 0 0 2 0 0 1 1 0 0 0 1 0 2 0 1 0 0 0 0 0 0 1 2 0 0 0 1 0 0 0 0 0 2 FRAME: 
PASSED VALIDATION @ 2011/12/9 2:17
0 80 18 7 E 9 12 11 
1 
0 
0 
1 
0 
1 
0 
0 
0 
2 0 0 0 0 0 0 1 1 1 
2 0 0 1 1 0 0 1 0 0 
2 0 0 1 1 0 0 0 1 0 
2 0 1 0 0 0 0 0 0 1 
2 0 0 0 1 0 0 0 0 0 
2 2 DOUBLE SYNC MARKER
0 0 1 0 1 0 0 1 2 0 0 0 0 0 0 1 1 1 2 0 0 1 1 0 0 1 0 0 2 0 0 1 1 0 0 0 1 0 2 0 1 0 0 0 0 0 0 1 2 0 0 0 1 0 0 0 0 0 2 FRAME: 
PASSED VALIDATION @ 2011/12/9 2:19
0 80 20 7 E 9 12 11 
1 
0 
1 
0 
0 
0 
0 
0 
0 
2 0 0 0 0 0 0 1 1 1 
2 0 0 1 1 0 0 1 0 0 
2 0 0 1 1 0 0 0 1 0 
2 0 1 0 0 0 0 0 0 1 
2 0 0 0 1 0 0 0 0 0 
2 2 DOUBLE SYNC MARKER
0 1 0 0 0 0 0 1 2 0 0 0 0 0 0 1 1 1 2 0 0 1 1 0 0 1 0 0 2 0 0 1 1 0 0 0 1 0 2 0 1 0 0 0 0 0 0 1 2 0 0 0 1 0 0 0 0 0 2 FRAME: 
PASSED VALIDATION @ 2011/12/9 2:21
0 80 22 7 E 9 12 11 
2 DOUBLE SYNC MARKER
0 1 0 0 0 0 1 0 2 0 0 0 0 0 0 1 1 1 2 0 0 1 1 0 0 1 0 0 2 0 0 1 1 0 0 0 1 0 2 0 1 0 0 0 0 0 0 1 2 0 0 0 1 0 0 0 0 0 2 FRAME: 
PASSED VALIDATION @ 2011/12/9 2:22
0 80 23 7 E 9 12 11 
1 
0 
1 
0 
0 
0 
0 
1 
1 
2 0 0 0 0 0 0 1 1 1 
2 0 0 1 1 0 0 1 0 0 
2 0 0 1 1 0 0 0 0 0 
0 
0 
0 
0 
1 
2 0 0 0 1 0 0 0 0 0 
2 2 DOUBLE SYNC MARKER
0 1 0 0 0 1 0 0 2 0 0 0 0 0 0 1 1 1 2 0 0 1 1 0 0 1 0 0 2 0 0 1 1 0 0 0 1 0 2 0 1 0 0 0 0 0 0 1 2 0 0 0 1 0 0 0 0 0 2 FRAME: 
PASSED VALIDATION @ 2011/12/9 2:24
0 80 25 7 E 9 12 11 
1 
0 
0 
0 
1 
1 
1 
2 0 0 1 1 0 0 1 0 0 
2 0 0 1 1 0 0 0 1 0 
2 0 1 0 0 0 0 0 0 1 
2 0 0 0 1 0 0 0 0 0 
2 2 DOUBLE SYNC MARKER
0 1 0 0 0 1 1 0 2 0 0 0 0 0 0 1 1 1 2 0 0 1 1 0 0 1 0 0 2 0 0 1 1 0 0 0 1 0 2 0 1 0 0 0 0 0 0 1 2 0 0 0 1 0 0 0 0 0 2 FRAME: 
PASSED VALIDATION @ 2011/12/9 2:26
0 80 27 7 E 9 12 11 
1 
0 
1 
0 
0 
0 
1 
1 
1 
2 0 0 0 0 0 0 1 1 1 
2 0 0 1 1 0 0 1 0 0 
2 0 0 1 1 0 0 0 1 0 
2 0 1 0 0 0 0 0 0 1 
2 0 0 0 1 0 0 0 0 0 
2 2 DOUBLE SYNC MARKER
0 1 0 0 1 0 0 0 2 0 0 0 0 0 0 1 2 
1 2 
0 0 1 1 0 0 1 0 0 
2 0 0 1 1 0 0 0 1 0 
2 0 1 0 0 0 0 0 0 1 
2 0 0 0 1 0 0 0 0 0 
2 2 DOUBLE SYNC MARKER
0 1 0 0 1 0 0 1 2 0 0 0 0 0 0 1 1 1 2 0 0 1 1 0 0 1 0 0 2 0 0 1 1 0 0 0 1 0 2 0 1 0 0 0 0 0 0 1 2 0 0 0 1 0 0 0 0 0 2 FRAME: 
PASSED VALIDATION @ 2011/12/9 2:29
0 80 30 7 E 9 12 11 
0 
0 
0 
2 0 0 0 0 0 0 1 1 1 
2 0 0 1 1 0 0 1 0 0 
2 0 0 1 1 0 0 0 1 0 
2 0 1 0 0 0 0 0 0 1 
2 0 0 0 1 0 0 0 0 0 
2 2 DOUBLE SYNC MARKER
0 1 1 0 0 0 0 1 2 0 0 0 0 0 0 1 1 1 2 0 0 1 1 0 0 1 0 0 2 0 0 1 1 0 0 0 1 0 2 0 1 0 0 0 0 0 0 1 2 0 0 0 1 0 0 1 0 0 2 FRAME: 
PASSED VALIDATION @ 2011/12/9 2:31
0 80 32 7 E 9 12 11 
1 
0 
1 
1 
0 
0 
0 
1 
0 
2 0 0 0 0 0 0 1 1 1 
2 0 0 1 1 0 0 1 0 0 
2 0 0 1 1 0 0 0 1 0 
2 0 1 0 0 0 0 0 0 1 
2 0 0 0 1 0 0 0 0 0 
2 2 DOUBLE SYNC MARKER
0 1 1 0 0 0 1 0 0 
0 
0 
1 
1 
1 
2 0 0 1 1 0 0 1 0 0 
2 0 0 1 1 0 0 0 1 0 
2 0 1 0 0 0 0 0 0 1 
2 0 0 0 1 0 0 0 0 0 
2 2 DOUBLE SYNC MARKER
0 1 1 0 0 1 0 0 2 0 0 0 0 0 0 1 1 1 2 0 0 1 1 0 0 1 0 0 2 0 0 1 1 0 0 0 1 0 2 0 1 0 0 0 0 0 0 1 2 0 0 0 1 0 0 0 0 0 2 FRAME: 
PASSED VALIDATION @ 2011/12/9 2:34
0 80 35 7 E 9 12 11 
0 
0 
1 
0 
1 
2 0 0 0 0 0 0 1 1 1 
2 0 0 1 1 0 0 1 0 0 
2 0 0 1 1 0 0 0 1 0 
2 0 1 0 0 0 0 0 0 1 
2 0 0 0 1 0 0 0 0 0 
2 2 DOUBLE SYNC MARKER
0 1 1 0 0 1 1 0 2 0 0 0 0 0 0 1 1 1 2 0 0 1 1 0 0 1 0 0 2 0 0 1 1 0 0 0 1 0 2 0 1 0 0 0 0 0 0 1 2 0 0 0 1 0 0 0 0 0 2 FRAME: 
PASSED VALIDATION @ 2011/12/9 2:36
0 80 37 7 E 9 12 11 
2 DOUBLE SYNC MARKER
0 1 1 0 0 1 1 1 2 0 0 0 0 0 0 1 1 1 2 0 0 1 1 0 0 1 0 0 2 0 0 1 1 0 0 0 1 0 2 0 1 0 0 0 0 0 0 1 2 0 0 0 1 0 0 0 0 0 2 FRAME: 
PASSED VALIDATION @ 2011/12/9 2:37
0 80 38 7 E 9 12 11 
2 DOUBLE SYNC MARKER
0 1 1 0 1 0 0 0 2 0 0 0 0 0 0 1 1 1 2 0 0 1 1 0 0 1 0 0 2 0 0 1 1 0 0 0 1 0 2 0 1 0 0 0 0 0 0 1 2 0 0 0 1 0 0 0 0 0 2 FRAME: 
PASSED VALIDATION @ 2011/12/9 2:38
0 80 39 7 E 9 12 11 
3 
0 
1 
1 
0 
1 
1 
0 
1 
2 0 0 0 0 0 0 1 1 1 
2 0 0 1 1 0 0 1 0 0 
2 0 0 1 1 0 0 0 1 0 
2 0 1 0 0 0 0 0 0 1 
2 0 0 0 1 0 0 0 0 0 
2 2 DOUBLE SYNC MARKER
1 0 0 0 0 0 0 0 2 0 0 0 0 0 0 1 1 1 2 0 0 1 1 0 0 1 0 0 2 0 0 1 1 0 0 0 1 0 2 0 1 0 0 0 0 0 0 1 2 0 0 0 1 0 2 
2 DOUBLE SYNC MARKER
1 0 0 0 0 0 0 1 2 0 0 0 0 0 0 1 1 1 2 0 0 1 1 0 0 1 0 0 2 0 0 1 1 0 0 0 1 0 2 0 1 0 0 0 0 0 0 1 2 0 0 0 1 0 0 0 0 0 2 FRAME: 
PASSED VALIDATION @ 2011/12/9 2:41
0 80 42 7 E 9 12 11 
2 DOUBLE SYNC MARKER
1 0 0 0 0 0 1 0 2 0 0 0 0 0 0 1 1 1 2 0 0 1 1 0 0 1 0 0 2 0 0 1 1 0 0 0 1 0 2 0 1 0 0 0 0 0 0 1 2 0 0 0 1 0 0 0 0 0 2 FRAME: 
PASSED VALIDATION @ 2011/12/9 2:42
0 80 43 7 E 9 12 11 
2 DOUBLE SYNC MARKER
1 0 0 0 0 0 1 1 2 0 0 0 0 0 0 1 1 1 2 0 0 1 1 0 0 1 0 0 2 0 0 1 1 0 0 0 1 0 2 0 1 0 0 0 0 0 0 1 2 0 0 0 1 0 0 0 0 0 2 FRAME: 
PASSED VALIDATION @ 2011/12/9 2:43
0 80 44 7 E 9 12 11 
2 DOUBLE SYNC MARKER
1 0 0 0 0 1 0 0 2 0 0 0 0 0 0 1 1 1 2 0 0 1 1 0 0 1 0 0 2 0 0 1 1 0 0 0 1 0 2 0 1 0 0 0 0 0 0 1 2 0 0 0 1 0 0 0 0 0 2 FRAME: 
PASSED VALIDATION @ 2011/12/9 2:44
0 80 45 7 E 9 12 11 
2 DOUBLE SYNC MARKER
1 0 0 0 0 1 0 1 2 0 0 0 0 0 0 1 1 1 2 0 0 1 1 0 0 1 0 0 2 0 0 1 1 0 0 0 1 0 2 0 1 0 0 0 0 0 0 1 2 0 0 0 1 0 0 0 0 0 2 FRAME: 
PASSED VALIDATION @ 2011/12/9 2:45
0 80 46 7 E 9 12 11 
3 
1 
0 
0 
0 
0 
1 
1 
0 
2 0 0 0 0 0 0 1 1 1 
2 0 0 1 1 0 0 1 0 0 
2 0 0 1 1 0 0 0 1 0 
2 0 1 0 0 0 0 0 0 1 
2 0 0 0 1 0 0 0 0 0 
2 2 DOUBLE SYNC MARKER
1 0 0 0 0 1 1 1 2 0 0 0 0 0 0 1 1 1 2 0 0 1 1 0 0 1 0 0 2 0 0 1 1 0 0 0 1 0 2 0 1 3 0 0 0 0 0 1 2 0 0 0 1 0 0 0 0 0 2 FRAME: 
PASSED VALIDATION @ 2011/12/9 2:47
0 80 48 7 E 9 12 11 
1 
1 
0 
0 
0 
1 
0 
0 
0 
2 0 0 0 0 0 0 1 1 1 
2 0 0 1 1 0 0 1 0 0 
2 0 0 1 1 0 0 0 1 0 
2 0 1 0 0 0 0 0 0 1 
2 0 0 0 1 0 0 0 0 0 
2 2 DOUBLE SYNC MARKER
1 0 0 0 1 0 0 1 2 0 0 0 0 0 0 1 1 1 2 0 0 1 1 0 0 1 0 0 2 0 0 1 1 0 0 0 1 0 2 0 1 0 0 0 0 0 0 1 2 0 0 0 1 0 0 0 0 0 2 FRAME: 
PASSED VALIDATION @ 2011/12/9 2:49
0 80 50 7 E 9 12 11 
3 
1 
0 
1 
0 
0 
0 
0 
0 
2 0 0 0 0 0 0 1 1 1 
3 
0 
0 
1 
1 
0 
0 
1 
0 
0 
2 0 0 1 1 0 0 0 1 0 
2 0 1 0 0 0 0 0 0 1 
2 0 0 0 1 0 0 0 0 0 
2 2 DOUBLE SYNC MARKER
1 0 1 0 0 0 0 1 2 0 0 0 0 0 0 1 1 1 2 0 0 1 1 0 0 1 0 0 2 0 0 1 1 0 0 0 1 0 2 0 1 0 0 0 0 0 0 1 2 0 0 0 1 0 0 0 0 0 2 FRAME: 
PASSED VALIDATION @ 2011/12/9 2:51
0 80 52 7 E 9 12 11 
2 DOUBLE SYNC MARKER
1 0 1 0 0 0 1 0 2 0 0 0 0 0 0 1 1 1 2 0 0 1 1 0 0 1 0 0 2 0 0 1 1 0 0 0 1 0 2 0 1 0 0 0 0 0 0 1 2 0 0 0 1 0 0 0 0 0 2 FRAME: 
PASSED VALIDATION @ 2001/0/0 0:0
0 80 53 7 E 9 12 11 
3 
1 
0 
1 
0 
0 
0 
1 
1 
2 0 0 0 0 0 0 1 1 1 
2 0 0 1 1 0 0 1 0 0 
2 0 0 1 1 0 0 0 1 0 
2 0 1 0 0 0 0 0 0 1 
2 0 0 0 1 0 0 0 0 0 
2 2 DOUBLE SYNC MARKER
1 0 1 0 0 1 0 0 2 0 0 0 0 0 0 1 1 1 2 0 0 1 1 0 0 1 0 0 2 0 0 1 1 0 0 0 1 0 2 0 1 1 0 0 0 0 0 1 2 0 0 0 1 0 0 0 0 0 2 FRAME: 
PASSED VALIDATION @ 2011/12/9 2:54
0 80 55 7 E 9 12 11 
1 
1 
0 
1 
0 
0 
1 
0 
1 
2 0 0 0 0 0 0 1 1 1 
2 0 0 1 1 0 0 1 0 0 
2 0 0 1 1 0 0 0 1 0 
2 0 1 0 0 0 0 0 0 1 
2 0 0 0 1 0 0 0 0 0 
2 2 DOUBLE SYNC MARKER
1 0 1 0 0 1 1 0 2 0 0 0 0 0 0 1 1 1 2 0 0 1 1 0 0 1 0 0 2 0 0 1 1 0 0 0 1 0 2 0 1 0 0 0 0 0 0 1 2 0 0 0 1 0 0 0 0 0 2 FRAME: 
PASSED VALIDATION @ 2011/12/9 2:56
0 80 57 7 E 9 12 11 
1 
1 
0 
1 
0 
0 
1 
1 
1 
2 0 0 0 0 0 0 1 1 1 
1 
0 
0 
1 
0 
0 
2 0 0 1 1 0 0 0 1 0 
2 0 1 0 0 0 0 0 0 1 
2 0 0 0 1 0 0 0 0 0 
2 2 DOUBLE SYNC MARKER
1 0 1 0 1 0 0 0 2 0 0 0 0 0 0 1 1 1 2 0 0 1 1 0 0 1 0 0 2 0 0 1 1 0 0 0 1 0 2 0 1 0 0 0 0 0 0 1 2 0 0 0 1 0 0 0 0 0 2 FRAME: 
PASSED VALIDATION @ 2011/12/9 2:58
0 80 59 7 E 9 12 11 
3 
1 
0 
1 
0 
1 
0 
0 
1 
2 0 0 0 0 0 0 1 1 1 
2 0 0 1 1 0 0 1 0 0 
2 0 0 1 1 0 0 0 1 0 
2 0 1 0 0 0 0 0 0 1 
2 0 0 0 1 0 0 0 0 0 
2 2 DOUBLE SYNC MARKER
0 0 0 0 0 0 0 0 2 0 0 0 0 0 1 0 0 0 2 0 0 1 1 0 0 1 0 0 2 0 0 1 1 0 0 0 1 0 2 0 1 0 0 0 0 0 0 1 2 0 0 0 1 0 0 0 0 0 2 FRAME: 
PASSED VALIDATION @ 2011/12/9 3:0
0 80 1 8 E 9 12 11 
2 DOUBLE SYNC MARKER
0 0 0 0 0 0 0 1 2 0 0 0 0 0 1 0 0 0 2 0 0 1 1 0 0 1 0 0 2 0 0 1 1 0 0 0 1 0 2 0 1 0 0 0 0 0 0 1 2 0 0 0 1 0 0 0 0 0 2 FRAME: 
PASSED VALIDATION @ 2011/12/9 3:1
0 80 2 8 E 9 12 11 
2 DOUBLE SYNC MARKER
0 0 0 0 0 0 1 0 2 0 0 0 0 0 1 0 0 0 2 0 0 1 1 0 0 1 0 0 2 0 0 1 1 0 0 0 1 0 2 0 1 0 0 0 0 0 0 1 2 0 0 0 1 0 0 0 0 0 2 FRAME: 
PASSED VALIDATION @ 2011/12/9 3:2
0 80 3 8 E 9 12 11 
2 DOUBLE SYNC MARKER
0 0 0 0 0 0 1 1 2 0 0 0 0 0 1 0 0 0 2 0 0 1 1 0 0 1 0 0 2 0 0 1 1 0 0 0 1 0 2 0 1 0 0 0 0 0 0 1 2 0 0 0 1 0 0 0 0 0 2 FRAME: 
PASSED VALIDATION @ 2011/12/9 3:3
0 80 4 8 E 9 12 11 
1 
0 
0 
0 
0 
0 
3 
0 
0 
2 0 0 0 0 0 1 0 0 0 
2 0 0 1 1 0 0 1 0 0 
2 0 0 1 1 0 0 0 1 0 
2 0 1 0 0 0 0 0 0 1 
2 0 0 0 1 0 0 0 0 0 
2 2 DOUBLE SYNC MARKER
0 0 0 0 0 1 0 1 2 0 0 0 0 0 1 0 0 0 2 0 0 1 1 0 0 1 0 0 2 0 0 1 1 0 0 0 1 0 2 0 1 0 0 0 0 0 0 1 2 0 0 0 1 0 0 1 0 0 2 FRAME: 
PASSED VALIDATION @ 2011/12/9 3:5
0 80 6 8 E 9 12 11 
2 DOUBLE SYNC MARKER
0 0 0 0 0 1 1 0 2 0 0 0 0 0 1 0 0 0 2 0 0 1 1 0 0 1 0 0 2 0 0 1 1 0 0 0 1 0 2 0 1 0 0 0 0 0 0 1 2 0 0 0 1 0 0 0 0 0 2 FRAME: 
PASSED VALIDATION @ 2011/12/9 3:6
0 80 7 8 E 9 12 11 
1 
0 
0 
0 
0 
0 
1 
1 
1 
2 0 0 0 0 0 1 0 0 0 
2 0 0 1 1 0 0 1 0 0 
2 0 0 1 1 0 0 0 1 0 
2 0 1 0 0 0 0 0 0 1 
2 0 0 0 1 0 0 0 0 0 
2 2 DOUBLE SYNC MARKER
0 0 0 0 1 0 0 0 2 0 0 0 0 0 1 0 0 0 2 0 0 1 1 0 0 1 0 0 2 0 0 1 1 0 2 
0 1 0 2 
0 1 0 0 0 0 0 0 1 
2 0 0 0 1 0 0 0 0 0 
2 2 DOUBLE SYNC MARKER
0 0 0 0 1 0 0 1 2 0 0 0 0 0 1 0 0 0 2 0 0 1 1 0 0 1 0 0 2 0 0 1 1 0 0 0 1 0 2 0 1 0 0 0 0 0 0 1 2 0 0 0 1 0 0 0 0 0 2 FRAME: 
PASSED VALIDATION @ 2011/12/9 3:9
0 80 10 8 E 9 12 11 
0 
0 
0 
0 
0 
0 
1 
1 
0 
0 
1 
0 
0 
2 0 0 1 1 0 0 0 1 0 
2 0 1 0 0 0 0 0 0 1 
2 0 0 0 1 0 0 0 0 0 
2 2 DOUBLE SYNC MARKER
0 0 1 0 0 0 0 1 2 0 0 0 0 0 1 0 0 0 2 0 0 1 1 0 0 1 0 0 2 0 0 1 1 0 0 0 1 0 2 0 1 0 0 0 0 0 0 1 2 0 0 0 1 0 0 0 0 0 2 FRAME: 
PASSED VALIDATION @ 2011/12/9 3:11
0 80 12 8 E 9 12 11 
1 
0 
0 
1 
0 
0 
0 
1 
0 
2 0 0 0 0 0 1 0 0 0 
2 0 0 1 1 0 0 1 0 0 
2 0 0 1 1 0 0 0 1 0 
2 0 1 0 0 0 0 0 0 1 
2 0 0 0 1 0 0 0 0 0 
2 2 DOUBLE SYNC MARKER
0 0 1 0 0 0 1 1 2 0 0 0 0 0 1 0 0 0 2 0 0 1 1 0 0 1 0 0 2 0 0 1 1 0 0 0 1 0 2 0 1 0 0 0 0 0 0 1 2 0 0 0 1 0 0 0 0 0 2 FRAME: 
PASSED VALIDATION @ 2011/12/9 3:13
0 80 14 8 E 9 12 11 
2 DOUBLE SYNC MARKER
0 0 1 0 0 1 0 0 2 0 0 0 0 0 1 0 0 0 2 0 0 1 1 0 0 1 0 0 2 0 0 1 1 0 0 0 1 0 2 0 1 0 0 0 0 0 0 1 2 0 0 0 1 0 0 0 0 0 2 FRAME: 
PASSED VALIDATION @ 2011/12/9 3:14
0 80 15 8 E 9 12 11 
1 
0 
0 
1 
0 
0 
1 
0 
1 
2 0 0 0 0 0 1 0 0 0 
2 0 0 1 1 0 0 1 0 0 
2 0 0 1 1 0 0 0 1 0 
2 0 1 0 0 0 0 0 0 1 
2 0 0 0 1 0 0 0 0 0 
2 2 DOUBLE SYNC MARKER
3 
0 
1 
0 
0 
1 
1 
0 
2 0 0 0 0 0 1 0 0 0 
2 0 0 1 1 0 0 1 0 0 
2 0 0 1 1 0 0 0 1 0 
2 0 1 0 0 0 0 0 0 1 
2 0 0 0 1 0 0 0 0 0 
2 2 DOUBLE SYNC MARKER
0 0 1 0 0 1 1 1 2 0 0 0 0 0 1 0 0 0 2 0 0 1 1 0 0 1 0 0 2 0 0 1 1 0 0 0 1 0 2 2 DOUBLE SYNC MARKER
1 0 0 0 0 0 0 1 2 0 0 0 1 0 0 0 0 0 2 2 DOUBLE SYNC MARKER
0 0 1 0 1 0 0 0 2 0 0 0 0 0 1 0 0 0 2 0 0 1 1 0 0 1 0 0 2 0 0 1 1 0 0 0 1 0 2 0 1 0 0 0 0 0 0 1 2 0 0 0 1 0 0 0 0 0 2 FRAME: 
PASSED VALIDATION @ 2011/12/9 3:18
0 80 19 8 E 9 12 11 
1 
0 
0 
1 
0 
1 
0 
0 
1 
2 0 0 0 0 0 1 0 0 0 
2 0 0 1 1 0 0 1 0 0 
2 0 0 1 1 0 0 0 1 0 
2 0 1 0 0 0 0 0 0 1 
2 0 0 0 1 0 0 0 0 0 
2 2 DOUBLE SYNC MARKER
0 1 0 0 0 0 0 0 2 0 0 0 0 0 1 0 0 0 2 0 0 1 1 0 0 1 0 0 2 0 0 1 1 0 0 0 1 0 2 0 1 0 0 0 0 0 0 1 2 0 0 0 1 0 0 0 0 0 2 FRAME: 
PASSED VALIDATION @ 2011/12/9 3:20
0 80 21 8 E 9 12 11 
2 DOUBLE SYNC MARKER
0 1 0 0 0 0 0 1 2 0 0 0 0 0 1 0 0 0 2 0 0 1 1 0 0 1 0 0 2 0 0 1 1 0 0 0 1 0 2 0 1 0 0 0 0 0 0 1 2 0 0 0 1 0 0 0 0 0 2 FRAME: 
PASSED VALIDATION @ 2011/12/9 3:21
0 80 22 8 E 9 12 11 
2 DOUBLE SYNC MARKER
0 1 0 0 0 0 1 0 2 0 0 0 0 0 1 0 0 0 2 0 0 1 1 0 0 1 0 0 2 0 0 1 1 0 0 0 1 0 2 0 1 0 0 0 0 0 0 1 2 0 0 0 1 0 0 0 0 0 2 FRAME: 
PASSED VALIDATION @ 2011/12/9 3:22
0 80 23 8 E 9 12 11 
1 
0 
1 
0 
0 
0 
0 
1 
1 
2 0 0 0 0 0 1 0 0 0 
2 0 0 1 1 0 0 1 0 0 
2 0 0 1 1 0 0 0 1 0 
2 0 1 0 0 0 0 0 0 1 
2 0 0 0 1 0 0 0 0 0 
2 2 DOUBLE SYNC MARKER
0 1 0 0 0 1 0 0 2 0 0 0 0 0 1 0 0 0 2 0 0 1 1 0 0 1 0 0 2 0 0 1 1 0 0 0 1 0 2 0 1 1 0 0 0 0 0 1 2 0 0 0 1 0 0 0 0 0 2 FRAME: 
PASSED VALIDATION @ 2011/12/9 3:24
0 80 25 8 E 9 12 11 
2 DOUBLE SYNC MARKER
0 1 0 0 0 1 0 1 2 0 0 0 0 0 1 0 0 0 2 0 0 1 1 0 0 1 0 0 2 0 0 1 1 0 0 0 1 0 2 0 1 0 0 0 0 0 0 1 2 0 0 0 1 0 0 0 0 0 2 FRAME: 
PASSED VALIDATION @ 2011/12/9 3:25
0 80 26 8 E 9 12 11 
3 
0 
1 
0 
0 
0 
1 
1 
0 
2 0 0 0 0 0 1 0 0 0 
2 0 0 1 1 0 0 1 0 0 
2 0 0 1 1 0 0 0 1 0 
2 0 1 0 0 0 0 0 0 1 
2 0 0 0 1 0 0 0 0 0 
2 2 DOUBLE SYNC MARKER
0 1 0 0 0 1 1 1 2 0 0 0 0 0 1 0 0 0 1 
0 
0 
1 
1 
0 
0 
1 
0 
0 
2 0 0 1 1 0 0 0 1 0 
2 0 1 0 0 0 0 0 0 1 
2 0 0 0 1 0 0 0 0 0 
2 2 DOUBLE SYNC MARKER
0 1 0 0 1 0 0 0 2 0 0 0 0 0 1 0 0 0 2 0 0 1 1 0 0 1 0 0 2 0 0 1 1 0 0 0 1 0 2 0 1 0 0 0 0 0 0 1 2 0 0 0 1 0 0 0 0 0 2 FRAME: 
PASSED VALIDATION @ 2011/12/9 3:28
0 80 29 8 E 9 12 11 
1 
2 0 0 0 0 0 1 0 0 0 
2 0 0 1 1 0 0 1 0 0 
2 0 0 1 1 0 0 0 1 0 
2 0 1 0 0 0 0 0 0 1 
2 0 0 0 1 0 0 0 0 0 
2 2 DOUBLE SYNC MARKER
0 1 1 0 0 0 0 0 2 0 0 0 0 0 1 0 0 0 2 0 0 1 1 0 0 1 0 0 2 0 0 1 1 0 0 0 1 0 2 0 1 0 0 0 0 0 0 1 2 0 0 0 1 0 0 0 0 0 2 FRAME: 
PASSED VALIDATION @ 2011/12/9 3:30
0 80 31 8 E 9 12 11 
2 DOUBLE SYNC MARKER
0 1 1 0 0 0 0 1 2 0 0 0 0 0 1 0 0 0 2 0 0 1 1 0 0 1 0 0 2 0 0 1 1 0 0 0 1 0 2 0 1 0 0 0 0 0 0 1 2 0 0 0 1 0 0 0 0 0 2 FRAME: 
PASSED VALIDATION @ 2011/12/9 3:31
0 80 32 8 E 9 12 11 
2 DOUBLE SYNC MARKER
0 1 1 0 0 0 1 0 2 0 0 0 0 0 1 0 0 0 2 0 0 1 1 0 0 1 0 0 2 0 0 1 1 0 0 0 1 0 2 0 1 0 0 0 0 0 0 1 2 0 0 0 1 0 0 0 0 0 2 FRAME: 
PASSED VALIDATION @ 2011/12/9 3:32
0 80 33 8 E 9 12 11 
1 
0 
1 
1 
0 
0 
0 
1 
1 
2 0 0 3 
0 
0 
1 
0 
0 
0 
2 0 0 1 1 0 0 1 0 0 
2 0 0 1 1 0 0 0 1 0 
2 0 1 0 0 0 0 0 0 1 
2 0 0 0 1 0 0 0 0 0 
2 2 DOUBLE SYNC MARKER
0 1 1 0 0 1 0 0 2 0 0 0 0 0 1 0 0 0 2 0 0 1 1 0 0 1 0 0 2 0 0 1 1 0 0 0 1 0 2 0 1 0 0 0 0 0 0 1 2 0 0 0 1 0 0 0 0 0 3 
2 0 1 1 0 0 1 0 1 2 0 0 0 0 0 1 0 0 0 2 0 0 1 1 0 0 1 0 0 2 0 0 1 1 0 0 0 1 0 2 0 1 0 0 0 0 0 0 1 2 0 0 0 1 0 0 0 0 0 2 FRAME: 
PASSED VALIDATION @ 2011/12/9 3:35
0 80 36 8 E 9 12 11 
2 DOUBLE SYNC MARKER
0 1 1 0 0 1 1 0 2 0 0 0 0 0 1 0 0 0 2 0 0 1 1 0 0 1 0 0 2 0 0 1 1 0 0 0 1 0 2 0 1 0 0 0 0 0 0 1 2 0 0 0 1 0 0 0 0 0 2 FRAME: 
PASSED VALIDATION @ 2011/12/9 3:36
0 80 37 8 E 9 12 11 
2 DOUBLE SYNC MARKER
0 1 1 0 0 1 1 1 2 0 0 0 0 0 1 0 0 0 2 0 0 1 1 0 0 1 0 0 2 0 0 1 1 0 0 0 1 0 2 0 1 0 0 0 0 0 0 1 2 0 0 0 1 0 0 0 0 0 2 FRAME: 
PASSED VALIDATION @ 2011/12/9 3:37
0 80 38 8 E 9 12 11 
2 DOUBLE SYNC MARKER
0 1 1 0 1 0 0 0 2 0 0 0 0 0 1 0 0 0 2 0 0 1 1 0 0 1 0 0 2 0 0 1 1 0 0 0 1 0 2 0 1 0 0 0 0 0 0 1 2 0 0 0 1 0 0 0 0 0 2 FRAME: 
PASSED VALIDATION @ 2011/12/9 3:38
0 80 39 8 E 9 12 11 
1 
1 
0 
1 
0 
0 
1 
2 0 0 0 0 0 1 0 0 0 
2 0 0 1 1 0 0 1 0 0 
2 0 0 1 1 0 0 0 1 0 
2 0 1 0 0 0 0 0 0 1 
2 0 0 0 1 0 0 0 0 0 
2 2 DOUBLE SYNC MARKER
1 0 0 0 0 0 0 0 2 0 0 0 0 0 1 0 0 0 2 0 0 1 1 0 0 1 0 0 2 0 0 1 1 0 0 0 1 0 2 0 1 0 0 0 0 0 0 1 2 0 0 0 1 0 0 0 0 0 2 FRAME: 
PASSED VALIDATION @ 2011/12/9 3:40
0 80 41 8 E 9 12 11 
2 DOUBLE SYNC MARKER
1 0 0 0 0 0 0 1 2 0 0 0 0 0 1 0 0 0 2 0 0 1 1 0 0 1 0 0 2 0 0 1 1 0 0 0 1 0 2 0 1 0 0 0 0 0 0 1 2 0 0 0 1 0 0 0 0 0 2 FRAME: 
PASSED VALIDATION @ 2011/12/9 3:41
0 80 42 8 E 9 12 11 
1 
1 
0 
0 
0 
0 
0 
1 
0 
2 0 0 0 0 0 1 0 0 0 
2 0 0 1 1 0 0 1 0 0 
2 0 0 1 1 0 0 0 1 0 
2 0 1 0 0 0 0 0 0 1 
2 0 0 0 1 0 0 0 0 0 
2 2 DOUBLE SYNC MARKER
1 0 0 0 0 0 1 1 2 0 0 0 0 0 1 0 0 0 2 0 0 1 1 0 0 1 0 0 2 0 0 1 1 0 0 0 1 0 2 0 1 0 0 0 0 0 0 1 2 0 0 0 1 0 0 0 0 0 2 FRAME: 
PASSED VALIDATION @ 2011/12/9 3:43
0 80 44 8 E 9 12 11 
2 DOUBLE SYNC MARKER
1 0 0 0 0 1 0 0 2 0 0 0 0 0 1 0 0 0 2 0 0 1 1 0 0 1 0 0 2 0 0 1 1 0 0 0 1 0 2 0 1 0 0 0 0 0 0 1 2 0 0 0 1 0 0 0 0 0 2 FRAME: 
PASSED VALIDATION @ 2011/12/9 3:44
0 80 45 8 E 9 12 11 
1 
1 
0 
0 
0 
0 
1 
0 
1 
2 0 0 0 0 0 1 0 0 0 
2 0 0 1 1 0 0 1 0 0 
2 0 0 1 1 0 0 0 1 0 
2 0 1 0 0 0 0 0 0 1 
2 0 0 0 1 0 0 0 0 0 
2 2 DOUBLE SYNC MARKER
1 0 0 0 0 1 1 0 2 0 0 0 0 0 1 0 0 0 2 0 0 1 1 0 0 1 0 0 2 0 0 1 1 0 0 0 1 0 2 0 1 0 0 0 0 0 0 1 2 0 0 0 1 0 0 0 0 0 2 FRAME: 
PASSED VALIDATION @ 2011/12/9 3:46
0 80 47 8 E 9 12 11 
2 DOUBLE SYNC MARKER
1 0 0 0 0 1 1 1 2 0 0 0 0 0 1 0 0 0 2 0 0 1 1 0 0 1 0 1 2 0 0 1 1 0 0 0 1 0 2 0 1 0 0 0 0 0 0 1 2 0 0 0 1 0 0 0 0 0 2 FRAME: 
PASSED VALIDATION @ 2011/12/9 3:47
0 80 48 8 A 19 12 11 
2 DOUBLE SYNC MARKER
1 0 0 0 1 0 0 0 2 0 0 0 0 0 1 0 0 0 2 0 0 1 1 0 0 1 0 0 2 0 0 1 1 0 0 0 1 0 2 0 1 0 0 0 0 0 0 1 2 0 0 0 1 0 0 0 0 0 2 FRAME: 
PASSED VALIDATION @ 2011/12/9 3:48
0 80 49 8 E 9 12 11 
2 DOUBLE SYNC MARKER
1 0 0 0 1 0 0 1 2 0 0 0 0 0 1 0 0 0 2 0 0 1 1 0 0 1 0 0 2 0 0 1 1 0 0 0 1 0 2 0 1 0 0 0 0 0 0 1 2 0 0 0 1 0 0 0 0 0 2 FRAME: 
PASSED VALIDATION @ 2011/12/9 3:49
0 80 50 8 E 9 12 11 
3 
1 
0 
1 
0 
0 
0 
0 
0 
2 0 0 0 0 0 1 0 0 0 
2 0 0 1 1 0 0 1 0 0 
2 0 0 1 1 0 0 0 1 0 
2 0 1 0 0 0 0 0 0 1 
2 0 0 0 1 0 0 0 0 0 
2 2 DOUBLE SYNC MARKER
1 0 1 0 0 0 0 1 2 0 0 0 0 0 1 0 0 0 2 0 0 1 1 0 0 1 0 0 2 0 0 1 1 0 0 0 1 0 2 0 1 0 0 0 0 0 0 1 2 0 0 0 1 0 0 0 0 0 2 FRAME: 
PASSED VALIDATION @ 2011/12/9 3:51
0 80 52 8 E 9 12 11 
1 
1 
0 
1 
0 
0 
0 
1 
0 
2 0 0 0 0 0 1 0 0 0 
2 0 0 1 1 0 0 1 0 0 
2 0 0 1 1 0 0 0 1 0 
2 0 1 0 0 0 0 0 0 1 
2 0 0 0 1 0 0 0 0 0 
2 2 DOUBLE SYNC MARKER
1 0 1 0 0 0 1 1 2 0 0 0 0 0 1 0 0 0 2 0 0 1 1 0 0 1 0 0 2 0 0 1 1 0 0 0 1 0 2 0 1 0 0 0 0 0 0 1 2 0 0 0 1 0 0 0 0 0 2 FRAME: 
PASSED VALIDATION @ 2011/12/9 3:53
0 80 54 8 E 9 12 11 
1 
1 
0 
1 
0 
0 
1 
0 
0 
3 
0 
0 
0 
0 
0 
1 
0 
0 
0 
2 0 0 1 1 0 0 1 0 0 
2 0 0 1 1 0 0 0 1 0 
2 0 1 0 0 0 0 0 0 1 
2 0 0 0 1 0 0 0 0 0 
2 2 DOUBLE SYNC MARKER
1 0 1 0 0 1 0 1 2 0 0 0 0 0 1 0 0 0 2 0 0 1 1 0 0 1 0 0 2 0 0 1 1 0 0 0 1 0 2 0 1 0 0 0 0 0 0 1 2 0 0 1 1 0 0 0 0 0 2 FRAME: 
PASSED VALIDATION @ 2011/12/9 3:55
0 80 56 8 A 9 12 13 
1 
1 
0 
1 
0 
0 
1 
1 
0 
2 0 0 0 0 0 1 0 0 0 
2 0 0 1 1 0 0 1 0 0 
2 0 0 1 1 0 0 0 1 0 
2 0 1 0 0 0 0 0 0 1 
2 0 0 0 1 0 0 0 0 0 
2 2 DOUBLE SYNC MARKER
1 0 1 0 0 1 1 1 2 0 0 0 0 0 1 0 0 0 2 0 0 1 1 0 0 1 0 0 2 0 0 1 1 0 0 0 1 0 2 0 1 0 0 0 0 0 0 1 2 0 0 0 1 0 0 0 0 0 2 FRAME: 
PASSED VALIDATION @ 2011/12/9 3:57
0 80 58 8 E 9 12 11 
2 DOUBLE SYNC MARKER
1 0 1 0 1 0 0 0 2 0 0 0 0 0 1 0 0 0 2 0 0 1 1 0 0 1 0 0 1 
0 
0 
1 
1 
0 
0 
0 
1 
0 
2 0 1 0 0 0 0 0 0 1 
2 0 0 0 1 0 0 0 0 0 
2 2 DOUBLE SYNC MARKER
1 0 1 0 1 0 0 1 2 0 0 0 0 0 1 0 0 0 2 0 0 1 1 0 0 1 0 0 2 0 0 1 1 0 0 0 1 0 2 0 1 0 0 0 0 0 0 1 2 0 0 0 1 0 0 0 0 0 2 FRAME: 
FAILED VALIDATION @ 2011/12/9 3:59
3 
0 
0 
0 
0 
0 
0 
0 
0 
2 0 0 0 0 0 1 0 0 1 
2 0 0 1 1 0 0 1 0 0 
2 0 0 1 1 0 0 0 1 0 
2 0 1 0 0 0 0 0 0 1 
2 0 0 0 1 0 0 0 0 0 
2 2 DOUBLE SYNC MARKER
0 0 0 0 0 0 0 1 2 0 0 0 0 0 1 0 0 1 2 0 0 1 1 0 0 1 0 0 2 0 0 1 1 0 0 0 1 0 2 0 1 0 0 0 0 0 0 1 2 0 0 0 1 0 0 0 0 0 2 FRAME: 
PASSED VALIDATION @ 2011/12/9 4:1
0 80 2 9 E 9 12 11 
1 
0 
0 
0 
0 
0 
0 
1 
0 
2 0 0 0 0 0 1 0 0 1 
2 0 0 1 1 0 0 1 0 0 
2 0 0 1 1 0 0 0 1 0 
2 0 1 0 0 0 0 0 0 1 
2 0 0 0 1 0 0 0 0 0 
1 
2 0 0 0 0 0 0 1 1 2 0 0 0 0 0 1 0 0 1 2 0 0 1 1 0 0 1 0 0 2 0 0 1 1 0 0 0 1 0 2 0 1 0 0 0 0 0 0 1 2 0 0 0 1 0 0 0 0 0 2 FRAME: 
PASSED VALIDATION @ 2011/12/9 4:3
0 80 4 9 E 9 12 11 
3 
0 
0 
0 
0 
0 
1 
0 
0 
2 0 0 0 0 0 1 0 0 1 
2 0 0 1 1 0 0 1 0 0 
2 0 0 1 1 0 0 0 1 0 
2 0 1 0 0 0 0 0 0 1 
2 0 0 0 1 0 0 0 0 0 
2 2 DOUBLE SYNC MARKER
0 0 0 0 0 1 0 1 2 0 0 0 0 0 1 0 0 1 2 0 0 1 1 0 0 1 0 0 2 0 0 1 1 0 0 0 1 0 2 0 1 0 0 0 0 0 0 1 2 0 0 0 1 0 0 0 0 0 2 FRAME: 
PASSED VALIDATION @ 2011/12/9 4:5
0 80 6 9 E 9 12 11 
3 
0 
0 
0 
0 
0 
1 
1 
0 
2 0 0 0 0 0 1 0 0 1 
2 0 0 1 1 0 0 1 0 0 
2 0 0 1 1 0 0 0 1 0 
2 0 1 0 0 0 0 0 0 1 
2 0 0 0 1 0 0 0 0 0 
2 2 DOUBLE SYNC MARKER
0 0 0 0 0 1 1 1 2 0 0 0 0 0 1 0 0 1 2 0 0 1 1 0 0 1 0 0 2 0 1 1 1 0 0 0 1 0 2 0 1 0 0 0 0 0 0 1 2 0 0 0 1 0 0 0 0 0 2 FRAME: 
PASSED VALIDATION @ 2011/12/9 4:7
0 80 8 9 B 13 12 11 
1 
0 
0 
0 
0 
1 
0 
0 
0 
2 0 0 0 0 0 1 0 0 1 
2 0 0 1 1 0 0 1 0 0 
2 0 0 1 1 0 0 0 1 0 
2 0 1 0 0 0 0 0 0 1 
2 0 0 0 1 0 0 0 0 0 
2 2 DOUBLE SYNC MARKER
0 0 0 0 1 0 0 1 2 0 0 0 0 0 1 0 0 1 2 0 0 1 1 0 0 1 0 0 2 0 0 1 1 0 0 0 1 0 2 0 1 0 0 0 0 0 0 1 2 0 0 0 1 0 0 0 0 0 2 FRAME: 
PASSED VALIDATION @ 2011/12/9 4:9
0 80 10 9 E 9 12 11 
1 
0 
0 
1 
0 
0 
0 
0 
0 
2 0 0 0 0 0 1 0 0 1 
2 0 0 1 1 0 0 1 0 0 
2 0 0 1 1 0 0 0 1 0 
2 0 1 0 0 0 0 0 0 1 
2 0 0 0 1 0 0 0 0 0 
2 2 DOUBLE SYNC MARKER
0 0 1 0 0 0 0 1 2 0 0 0 0 0 1 0 0 1 2 0 0 1 1 0 0 1 0 0 2 0 0 1 1 0 0 0 1 0 2 0 1 0 0 0 0 0 0 1 2 0 0 0 1 0 0 0 0 0 2 FRAME: 
PASSED VALIDATION @ 2011/12/9 4:11
0 80 12 9 E 9 12 11 
0 
1 
0 
0 
0 
1 
0 
2 0 0 0 0 0 1 0 0 1 
2 0 0 1 1 0 0 1 0 0 
2 0 0 1 1 0 0 0 1 0 
2 0 1 0 0 0 0 0 0 1 
2 0 0 0 1 0 0 0 0 0 
2 2 DOUBLE SYNC MARKER
0 0 1 0 0 0 1 1 2 0 0 0 0 0 1 0 0 1 2 0 0 1 1 0 0 1 0 0 2 0 0 1 1 0 0 0 1 0 2 0 1 0 0 0 0 0 0 1 2 0 0 0 1 0 0 0 0 0 2 FRAME: 
PASSED VALIDATION @ 2011/12/9 4:13
0 80 14 9 E 9 12 11 
2 DOUBLE SYNC MARKER
0 0 1 0 0 1 0 0 2 0 0 0 0 0 1 0 0 1 2 0 0 1 1 0 0 1 0 0 2 0 0 1 1 0 0 0 1 0 2 0 1 0 0 0 0 0 0 1 2 0 0 0 1 0 0 0 0 0 2 FRAME: 
PASSED VALIDATION @ 2011/12/9 4:14
0 80 15 9 E 9 12 11 
2 DOUBLE SYNC MARKER
3 
0 
1 
0 
0 
1 
0 
1 
2 0 0 0 0 0 1 0 0 1 
2 0 0 1 1 0 0 1 0 0 
2 0 0 1 1 0 0 0 1 0 
2 0 1 0 0 0 0 0 0 1 
2 0 0 0 1 0 0 0 0 0 
2 2 DOUBLE SYNC MARKER
0 0 1 0 0 1 1 0 2 0 0 0 0 0 1 0 0 1 2 0 0 1 1 0 0 1 0 0 2 0 0 1 1 0 0 0 1 0 2 0 1 0 0 0 0 0 0 1 2 0 0 0 1 0 0 0 0 0 2 FRAME: 
PASSED VALIDATION @ 2011/12/9 4:16
0 80 17 9 E 9 12 11 
1 
0 
0 
1 
0 
0 
1 
1 
1 
2 0 0 0 0 0 1 0 0 1 
2 0 0 1 1 0 0 1 0 0 
2 0 0 1 1 0 0 0 1 0 
2 0 1 0 0 0 0 0 0 1 
2 0 0 0 1 0 0 0 0 0 
2 2 DOUBLE SYNC MARKER
0 0 1 0 1 0 0 0 2 0 0 0 0 0 1 0 0 1 2 0 0 1 1 0 0 1 0 0 2 0 0 1 1 0 0 0 1 0 2 0 1 0 0 0 0 0 0 1 2 0 0 0 1 0 0 0 0 0 2 FRAME: 
PASSED VALIDATION @ 2011/12/9 4:18
0 80 19 9 E 9 12 11 
2 DOUBLE SYNC MARKER
0 0 1 0 1 0 0 1 2 0 0 0 0 0 1 0 0 1 2 0 0 1 1 0 0 1 0 0 2 0 0 1 1 0 0 0 1 0 2 0 1 0 0 0 0 0 0 1 2 0 0 0 1 0 0 0 0 0 2 FRAME: 
PASSED VALIDATION @ 2011/12/9 4:19
0 80 20 9 E 9 12 11 
3 
0 
1 
0 
0 
0 
0 
0 
0 
2 0 0 0 0 0 1 0 0 1 
3 
0 
0 
1 
1 
0 
0 
1 
0 
0 
2 0 0 1 1 0 0 0 1 0 
2 0 1 0 0 0 0 0 0 1 
2 0 0 0 1 0 0 0 0 0 
2 2 DOUBLE SYNC MARKER
0 1 0 0 0 0 0 1 2 0 0 0 0 0 1 0 0 1 2 0 0 1 1 0 0 1 0 0 2 0 0 1 1 0 0 0 1 0 2 0 1 0 0 0 0 0 0 1 2 0 0 0 1 0 0 0 0 0 2 FRAME: 
PASSED VALIDATION @ 2011/12/9 4:21
0 80 22 9 E 9 12 11 
2 DOUBLE SYNC MARKER
0 1 0 0 0 0 1 0 2 0 0 0 0 0 1 0 0 1 2 0 0 1 1 0 0 1 0 0 2 0 0 1 1 0 0 0 1 0 2 0 1 0 0 0 0 0 0 1 2 0 0 0 1 0 0 0 0 0 2 FRAME: 
PASSED VALIDATION @ 2011/12/9 4:22
0 80 23 9 E 9 12 11 
0 
1 
1 
2 0 0 0 0 0 1 0 0 1 
2 0 0 1 1 0 0 1 0 0 
2 0 0 1 1 0 0 0 1 0 
2 0 1 0 0 0 0 0 0 1 
2 0 0 0 1 0 0 0 0 0 
2 2 DOUBLE SYNC MARKER
0 1 0 0 0 1 0 0 2 0 0 0 0 0 1 0 0 1 2 0 0 1 1 0 0 1 0 0 2 0 0 1 1 0 0 0 1 0 2 0 1 0 0 0 0 0 0 1 2 0 0 0 1 0 0 0 0 0 2 FRAME: 
PASSED VALIDATION @ 2011/12/9 4:24
0 80 25 9 E 9 12 11 
2 DOUBLE SYNC MARKER
0 1 0 0 0 1 0 1 2 0 0 0 0 0 1 0 0 1 2 0 0 1 1 0 0 1 0 0 2 0 0 1 1 0 0 0 1 0 2 0 1 0 0 0 0 0 0 1 2 0 0 0 1 0 0 0 0 0 2 FRAME: 
PASSED VALIDATION @ 2011/12/9 4:25
0 80 26 9 E 9 12 11 
1 
0 
1 
0 
0 
0 
1 
1 
0 
2 0 0 0 0 0 1 0 0 1 
2 0 0 1 1 0 0 1 0 0 
2 0 0 1 1 0 0 0 1 0 
2 0 1 0 0 0 0 0 0 1 
2 0 0 0 1 0 0 0 0 0 
2 2 DOUBLE SYNC MARKER
0 1 0 0 0 1 1 1 2 0 0 0 0 0 1 0 0 1 2 0 0 1 1 0 0 1 0 0 2 0 0 1 1 0 0 0 1 0 2 0 1 0 0 0 0 0 0 1 2 0 0 0 1 0 0 0 0 0 2 FRAME: 
PASSED VALIDATION @ 2011/12/9 4:27
0 80 28 9 E 9 12 11 
3 
0 
1 
0 
0 
1 
0 
0 
0 
2 0 0 0 0 0 1 0 0 1 
2 0 0 1 1 0 0 1 0 0 
2 0 0 1 1 0 0 0 1 0 
2 0 1 0 0 0 0 0 0 1 
2 0 0 0 1 0 0 1 0 0 
2 2 DOUBLE SYNC MARKER
0 1 0 0 1 0 0 1 2 0 0 0 0 0 1 0 0 1 2 0 0 1 1 0 0 1 0 0 2 0 0 1 1 0 0 0 1 0 2 0 1 0 0 0 0 0 0 1 2 0 0 0 1 0 0 0 0 0 2 FRAME: 
PASSED VALIDATION @ 2011/12/9 4:29
0 80 30 9 E 9 12 11 
2 DOUBLE SYNC MARKER
0 1 1 0 0 0 0 0 2 0 0 0 0 0 1 0 0 1 2 0 0 1 1 0 0 1 0 0 2 0 0 1 1 0 0 0 1 0 2 0 1 0 0 0 0 0 0 1 2 0 0 0 1 0 0 0 0 0 2 FRAME: 
PASSED VALIDATION @ 2011/12/9 4:30
0 80 31 9 E 9 12 11 
1 
0 
1 
1 
0 
0 
0 
0 
1 
2 0 0 0 0 0 1 0 0 1 
2 0 0 1 1 0 0 1 0 0 
2 0 0 1 1 0 0 2 
0 1 0 0 0 0 0 0 1 
2 0 0 0 1 0 0 0 0 0 
2 2 DOUBLE SYNC MARKER
0 1 1 0 0 0 1 0 2 0 0 0 0 0 1 0 0 1 2 0 0 1 1 0 0 1 0 0 2 0 0 1 1 0 0 0 1 0 2 0 1 0 0 0 0 0 0 1 2 0 0 0 1 0 0 0 0 0 2 FRAME: 
PASSED VALIDATION @ 2011/12/9 4:32
0 80 33 9 E 9 12 11 
2 DOUBLE SYNC MARKER
1 1 1 0 0 0 1 1 2 0 0 0 0 0 1 0 0 1 2 0 0 1 1 0 0 1 0 0 2 0 0 1 1 0 0 0 1 0 2 0 1 0 0 0 0 0 0 1 2 0 0 0 1 0 0 0 0 0 2 FRAME: 
FAILED VALIDATION @ 2011/12/9 4:33
2 DOUBLE SYNC MARKER
0 1 1 0 0 1 0 0 2 0 0 0 0 0 1 0 0 1 2 0 0 1 1 0 0 1 0 0 2 0 0 1 1 0 0 0 1 0 2 0 1 0 0 0 0 0 0 1 2 0 0 0 1 0 0 0 0 0 2 FRAME: 
PASSED VALIDATION @ 2011/12/9 4:34
0 80 35 9 E 9 12 11 
2 DOUBLE SYNC MARKER
0 1 1 0 0 1 0 1 2 0 0 0 0 0 1 0 0 1 2 0 0 1 1 0 0 1 0 0 2 0 0 1 1 0 0 0 1 0 2 0 1 0 0 0 0 0 0 1 2 0 0 0 0 0 2 
2 DOUBLE SYNC MARKER
0 1 1 0 0 1 1 0 2 0 0 0 0 0 1 0 0 1 2 0 0 1 1 0 0 1 0 0 2 0 0 1 1 0 0 0 1 0 2 0 1 0 0 0 0 0 0 1 2 0 0 0 1 0 0 0 0 0 2 FRAME: 
PASSED VALIDATION @ 2011/12/9 4:36
0 80 37 9 E 9 12 11 
1 
0 
1 
1 
0 
0 
1 
1 
1 
2 0 0 0 0 0 1 0 0 1 
2 0 0 1 1 0 0 1 0 0 
2 0 0 1 1 0 0 0 1 0 
2 0 1 0 0 0 0 0 0 1 
2 0 0 0 1 0 0 0 0 0 
2 2 DOUBLE SYNC MARKER
0 1 1 0 1 0 0 0 2 0 0 0 0 0 1 0 0 1 2 0 0 1 1 0 0 1 0 0 2 0 0 1 1 0 0 0 1 0 2 0 1 0 0 0 0 0 0 1 2 0 0 0 1 0 0 0 0 0 2 FRAME: 
PASSED VALIDATION @ 2011/12/9 4:38
0 80 39 9 E 9 12 11 
2 DOUBLE SYNC MARKER
0 1 1 0 1 0 0 1 2 0 0 0 0 0 1 0 0 1 2 0 0 1 1 0 0 1 0 0 2 0 0 1 1 0 0 0 1 0 2 0 1 0 0 0 0 0 0 1 2 0 0 0 1 0 0 0 0 0 2 FRAME: 
PASSED VALIDATION @ 2011/12/9 4:39
0 80 40 9 E 9 12 11 
1 
1 
0 
0 
0 
0 
0 
0 
0 
2 0 0 0 0 0 1 0 0 1 
2 0 0 1 1 0 0 1 0 0 
2 0 0 1 1 0 0 0 1 0 
2 0 1 0 0 0 0 0 0 1 
2 0 0 0 1 0 0 0 0 0 
2 2 DOUBLE SYNC MARKER
1 0 0 0 0 0 0 1 2 0 0 0 0 0 1 0 0 1 2 0 0 1 1 0 0 1 0 0 2 0 0 1 1 0 0 0 1 0 2 0 1 3 0 0 0 0 0 1 2 0 0 0 1 0 0 0 0 0 2 FRAME: 
PASSED VALIDATION @ 2011/12/9 4:41
0 80 42 9 E 9 12 11 
1 
1 
0 
0 
0 
0 
0 
1 
0 
2 0 0 0 0 0 1 0 0 1 
2 0 0 1 1 0 0 1 0 0 
2 0 0 1 1 0 0 0 1 0 
2 0 1 0 0 0 0 0 0 1 
2 0 0 0 1 0 0 0 0 0 
2 2 DOUBLE SYNC MARKER
1 0 0 0 0 0 1 1 2 0 0 0 0 0 1 0 0 1 2 0 0 1 1 0 0 1 0 0 2 0 0 1 1 0 0 0 1 0 2 0 1 0 0 0 0 0 0 1 2 0 0 0 1 0 0 0 0 0 2 FRAME: 
PASSED VALIDATION @ 2011/12/9 4:43
0 80 44 9 E 9 12 11 
1 
1 
0 
0 
0 
0 
1 
0 
0 
2 0 0 0 0 0 1 0 0 1 
3 
0 
0 
1 
1 
0 
0 
1 
0 
0 
2 0 0 1 1 0 0 0 1 0 
2 0 1 0 0 0 0 0 0 1 
2 0 0 0 1 0 0 0 0 0 
2 2 DOUBLE SYNC MARKER
1 0 0 0 0 1 0 1 2 0 0 0 0 0 1 0 0 1 2 0 0 1 1 0 0 1 0 0 2 0 0 1 1 0 0 0 1 0 2 0 1 0 0 0 0 0 0 1 2 0 0 0 1 0 0 0 0 0 2 FRAME: 
PASSED VALIDATION @ 2011/12/9 4:45
0 80 46 9 E 9 12 11 
2 DOUBLE SYNC MARKER
1 0 0 0 0 1 1 0 2 0 0 0 0 0 1 0 0 1 2 0 0 1 1 0 0 1 0 0 2 0 0 1 1 0 0 0 1 0 2 0 1 0 0 0 0 0 0 1 2 0 0 0 1 0 0 0 0 0 2 FRAME: 
PASSED VALIDATION @ 2011/12/9 4:46
0 80 47 9 E 9 12 11 
2 DOUBLE SYNC MARKER
1 0 0 0 0 1 1 1 2 0 0 0 0 0 1 0 0 1 2 0 0 1 1 0 0 1 0 0 2 0 0 1 1 0 0 0 1 0 2 0 1 0 0 0 0 0 0 1 2 0 0 0 1 0 0 0 0 0 2 FRAME: 
PASSED VALIDATION @ 2011/12/9 4:47
0 80 48 9 E 9 12 11 
1 
1 
0 
0 
0 
1 
0 
0 
0 
2 0 0 0 0 0 1 0 0 1 
2 0 0 1 1 0 0 1 0 0 
2 0 0 1 1 0 0 0 1 0 
2 0 1 0 0 0 0 0 0 1 
2 0 0 0 1 0 0 0 0 0 
2 2 DOUBLE SYNC MARKER
1 0 0 0 1 0 0 1 2 0 0 0 0 0 1 0 0 1 2 0 0 1 1 0 0 1 0 0 2 0 0 1 1 0 0 0 1 0 2 0 1 0 0 0 0 0 0 1 2 0 0 0 1 0 0 0 0 0 2 FRAME: 
PASSED VALIDATION @ 2011/12/9 4:49
0 80 50 9 E 9 12 11 
3 
1 
0 
1 
0 
0 
0 
0 
0 
2 0 0 0 0 0 1 0 0 1 
2 0 0 1 1 0 0 1 0 0 
2 0 0 1 1 0 0 0 1 0 
2 0 1 0 0 0 0 0 0 1 
2 0 0 0 1 0 0 0 0 0 
2 2 DOUBLE SYNC MARKER
1 0 1 0 0 0 0 1 2 0 0 0 0 0 1 0 0 0 2 0 0 1 1 0 0 1 0 0 2 0 0 1 1 0 0 0 1 0 2 0 1 0 0 0 0 0 0 1 2 0 0 0 1 0 0 0 0 0 2 FRAME: 
PASSED VALIDATION @ 2011/12/9 4:51
0 80 52 8 E 9 12 11 
2 DOUBLE SYNC MARKER
1 0 1 0 0 0 1 0 2 0 0 0 0 0 1 0 0 1 2 0 0 1 1 0 0 1 0 0 2 0 0 1 1 0 0 0 1 0 2 0 1 0 0 0 0 0 0 1 2 0 0 0 1 0 0 0 0 0 2 FRAME: 
PASSED VALIDATION @ 2011/12/9 4:52
0 80 53 9 E 9 12 11 
1 
1 
0 
1 
0 
0 
0 
1 
1 
2 0 0 0 0 0 1 0 0 1 
2 0 0 1 1 0 0 1 0 0 
2 0 0 1 1 0 0 0 1 0 
2 0 1 0 0 0 0 0 0 1 
2 0 0 0 1 0 0 0 0 0 
2 2 DOUBLE SYNC MARKER
1 0 1 0 0 1 0 0 2 0 0 0 0 0 1 0 0 1 2 0 0 1 1 0 0 1 0 0 2 0 0 1 1 0 0 0 1 0 2 0 1 0 0 0 0 0 0 1 2 0 0 0 1 0 0 0 0 0 2 FRAME: 
PASSED VALIDATION @ 2011/12/9 4:54
0 80 55 9 E 9 12 11 
1 
1 
0 
1 
0 
0 
1 
0 
1 
2 0 0 0 0 0 1 0 0 1 
2 0 0 1 1 0 0 1 0 0 
2 0 0 1 1 0 0 0 1 0 
2 0 1 0 0 0 0 0 0 1 
2 0 0 0 1 0 0 0 0 0 
2 2 DOUBLE SYNC MARKER
1 0 1 0 0 1 1 0 2 0 0 0 0 0 1 0 0 1 2 0 0 1 1 0 0 1 0 0 2 0 0 1 1 0 0 0 1 0 2 0 1 0 0 0 0 0 0 1 2 0 0 0 1 0 0 0 0 0 2 FRAME: 
PASSED VALIDATION @ 2011/12/9 4:56
0 80 57 9 E 9 12 11 
2 DOUBLE SYNC MARKER
1 0 1 0 0 1 1 1 2 0 0 0 0 0 1 0 0 1 2 0 0 1 1 0 0 1 0 0 2 0 0 1 1 0 0 0 1 0 2 0 1 0 0 0 0 0 0 1 2 0 0 0 1 0 0 0 0 0 2 FRAME: 
PASSED VALIDATION @ 2011/12/9 4:57
0 80 58 9 E 9 12 11 
1 
1 
0 
1 
0 
1 
0 
0 
0 
2 0 0 0 0 0 1 0 0 1 
2 0 0 1 1 0 0 1 0 0 
2 0 0 1 1 0 0 0 1 0 
2 0 1 0 0 0 0 0 0 1 
2 0 0 0 1 0 0 0 0 0 
2 2 DOUBLE SYNC MARKER
1 0 1 0 1 0 0 1 2 0 0 0 0 0 1 0 0 1 2 0 0 1 1 0 0 1 0 0 2 0 0 1 1 0 0 0 1 0 2 0 1 0 0 0 0 0 0 1 2 0 1 0 0 0 0 0 2 
2 DOUBLE SYNC MARKER
0 0 0 0 0 0 0 0 2 0 0 0 1 0 0 0 0 0 2 0 0 1 1 0 0 1 0 0 2 0 0 1 1 0 0 0 1 0 2 0 1 0 0 0 0 0 0 1 2 0 0 0 1 0 0 0 0 0 2 FRAME: 
PASSED VALIDATION @ 2011/12/9 5:0
0 80 1 10 E 9 12 11 
1 
0 
0 
0 
0 
0 
0 
0 
1 
2 0 0 0 1 0 0 0 0 0 
2 0 0 1 1 0 0 1 0 0 
2 0 0 1 1 0 0 0 1 0 
2 0 1 0 0 0 0 0 0 1 
2 0 0 0 1 0 0 0 0 0 
2 2 DOUBLE SYNC MARKER
0 0 0 0 0 0 1 0 2 0 0 0 1 0 0 0 0 0 2 0 0 1 1 0 0 1 0 0 2 0 0 1 1 0 0 0 1 0 2 0 1 0 0 0 0 0 0 1 2 0 0 0 1 0 0 0 0 0 2 FRAME: 
PASSED VALIDATION @ 2011/12/9 5:2
0 80 3 10 E 9 12 11 
0 
0 
0 
1 
2 0 0 0 1 0 0 0 0 0 
2 0 0 1 1 0 0 1 0 0 
2 0 0 1 1 0 0 0 1 0 
2 0 1 0 0 0 0 0 0 1 
2 0 0 0 1 0 0 0 0 0 
2 2 DOUBLE SYNC MARKER
0 0 0 0 0 1 0 0 2 0 0 0 1 0 0 0 0 0 2 0 0 1 1 0 0 1 0 0 2 0 0 1 1 0 0 0 1 0 2 0 1 0 0 0 0 0 0 1 2 0 0 0 1 0 0 0 0 0 2 FRAME: 
PASSED VALIDATION @ 2011/12/9 5:4
0 80 5 10 E 9 12 11 
0 
0 
1 
0 
1 
2 0 0 0 1 0 0 0 0 0 
2 0 0 1 1 0 0 1 0 0 
2 0 0 1 1 0 0 0 1 0 
2 0 1 0 0 0 0 0 0 1 
2 0 0 0 1 0 0 0 0 0 
2 2 DOUBLE SYNC MARKER
0 0 0 0 0 1 1 0 2 0 0 0 1 0 0 0 0 0 2 0 0 1 1 0 0 1 0 0 2 0 0 1 1 0 0 0 1 0 2 0 1 0 0 0 0 0 0 1 2 0 0 0 1 0 0 0 0 0 2 FRAME: 
PASSED VALIDATION @ 2011/12/9 5:6
0 80 7 10 E 9 12 11 
2 DOUBLE SYNC MARKER
0 0 0 0 0 1 1 1 2 0 0 0 1 0 0 0 0 0 2 0 0 1 1 0 0 1 0 0 2 0 0 1 1 0 0 0 1 0 2 0 1 0 0 0 0 0 0 1 2 0 0 0 1 0 0 0 0 0 2 FRAME: 
PASSED VALIDATION @ 2011/12/9 5:7
0 80 8 10 E 9 12 11 
2 DOUBLE SYNC MARKER
0 0 0 0 1 0 0 0 2 0 0 0 1 0 0 0 0 0 2 0 0 1 1 0 0 1 0 0 2 0 0 1 1 0 0 0 1 0 2 0 1 0 0 0 0 0 0 1 2 0 0 0 1 0 0 0 0 0 2 FRAME: 
PASSED VALIDATION @ 2011/12/9 5:8
0 80 9 10 E 9 12 11 
2 DOUBLE SYNC MARKER
0 0 0 0 1 0 0 1 2 0 0 0 1 0 0 0 0 0 2 0 0 1 1 0 0 1 0 0 2 0 0 1 1 0 0 0 1 0 2 0 1 0 0 0 0 0 0 1 2 0 0 0 1 0 0 0 0 0 2 FRAME: 
PASSED VALIDATION @ 2011/12/9 5:9
0 80 10 10 E 9 12 11 
1 
0 
0 
1 
0 
0 
0 
0 
0 
2 0 0 0 1 0 0 0 0 0 
2 0 0 1 1 0 0 1 0 3 
2 0 0 1 1 0 0 0 1 0 
2 0 1 0 0 0 0 0 0 1 
2 0 0 0 1 0 0 0 0 0 
2 2 DOUBLE SYNC MARKER
0 0 1 0 0 0 0 1 2 0 0 0 1 0 0 0 0 0 2 0 0 1 1 0 0 1 0 0 2 0 0 1 1 0 0 0 1 0 2 0 1 0 0 0 0 0 0 1 2 0 0 0 1 0 0 0 0 0 2 FRAME: 
PASSED VALIDATION @ 2011/12/9 5:11
0 80 12 10 E 9 12 11 
3 
0 
0 
1 
0 
0 
0 
1 
0 
2 0 0 0 1 0 0 0 0 0 
2 0 0 1 1 0 0 1 0 0 
2 0 0 1 1 0 0 0 1 0 
2 0 1 0 0 0 0 0 0 1 
2 0 0 0 1 0 0 0 0 0 
2 2 DOUBLE SYNC MARKER
0 0 1 0 0 0 1 1 2 0 0 0 1 0 0 0 0 0 2 0 0 1 1 0 0 1 0 0 2 0 0 1 3 
0 
0 
0 
1 
0 
2 0 1 0 0 0 0 0 0 1 
2 0 0 0 1 0 0 0 0 0 
2 2 DOUBLE SYNC MARKER
0 0 1 0 0 1 0 0 2 0 0 0 1 0 0 0 0 0 2 0 0 1 1 0 0 1 0 0 2 0 0 1 1 0 0 0 1 0 2 0 1 0 0 0 0 0 0 1 2 0 0 0 1 0 0 0 0 0 2 FRAME: 
PASSED VALIDATION @ 2011/12/9 5:14
0 80 15 10 E 9 12 11 
3 
0 
0 
1 
0 
0 
1 
0 
1 
2 0 0 0 1 0 0 0 0 0 
2 0 0 1 1 0 0 1 0 0 
2 0 0 1 1 0 0 0 1 0 
2 0 1 0 0 0 0 0 0 1 
2 0 0 0 1 0 0 0 0 0 
2 2 DOUBLE SYNC MARKER
0 0 1 0 0 1 1 0 2 0 0 0 1 0 0 0 0 0 2 0 0 1 1 0 0 1 0 0 2 0 0 1 1 3 0 0 1 0 2 0 1 0 0 0 0 0 0 1 2 0 0 0 1 0 0 0 0 0 2 FRAME: 
PASSED VALIDATION @ 2011/12/9 5:16
0 80 17 10 E 9 12 11 
1 
0 
0 
1 
0 
0 
1 
1 
1 
2 0 0 0 1 0 0 0 0 0 
2 0 0 1 1 0 0 1 0 0 
2 0 0 1 1 0 0 0 1 0 
2 0 1 0 0 0 0 0 0 1 
2 0 0 0 1 0 0 0 0 0 
2 2 DOUBLE SYNC MARKER
0 0 1 0 1 0 0 0 2 0 0 0 1 0 0 0 0 0 2 0 0 1 1 0 0 1 0 0 2 0 0 1 1 0 0 0 1 0 2 0 1 0 0 0 0 0 0 1 2 0 0 0 1 0 0 0 0 0 2 FRAME: 
PASSED VALIDATION @ 2011/12/9 5:18
0 80 19 10 E 9 12 11 
2 DOUBLE SYNC MARKER
0 0 1 0 1 0 0 1 2 1 0 0 1 0 0 0 0 0 2 0 0 1 1 0 0 1 0 0 2 0 0 1 1 0 0 0 1 0 2 0 1 0 0 0 0 0 0 1 2 0 0 0 1 0 0 0 0 0 2 FRAME: 
PASSED VALIDATION @ 2011/12/9 5:19
0 80 20 10 E 9 12 11 
1 
0 
1 
0 
0 
0 
0 
0 
0 
2 0 0 0 1 0 0 0 0 0 
2 0 0 1 1 0 0 1 0 0 
2 0 0 1 1 3 
0 
0 
1 
0 
2 0 1 0 0 0 0 0 0 1 
2 0 0 0 1 0 0 0 0 0 
2 2 DOUBLE SYNC MARKER
0 1 0 0 0 0 0 1 2 0 0 0 1 0 0 0 0 0 2 0 0 1 1 0 0 1 0 0 2 0 0 1 1 0 0 0 1 0 2 0 1 0 0 0 0 0 0 1 2 0 0 0 1 0 0 0 0 0 2 FRAME: 
PASSED VALIDATION @ 2011/12/9 5:21
0 80 22 10 E 9 12 11 
3 
0 
1 
0 
0 
0 
0 
1 
0 
2 0 0 0 1 0 0 0 0 0 
2 0 0 1 1 0 0 1 0 0 
2 0 0 1 1 0 0 0 1 0 
2 0 1 0 0 0 0 0 0 1 
2 0 0 0 1 0 0 0 0 0 
2 2 DOUBLE SYNC MARKER
0 1 0 0 0 0 1 1 2 0 0 0 1 0 0 0 0 0 2 0 0 1 1 0 0 1 0 0 2 0 0 1 1 0 0 3 
1 
0 
2 0 1 0 0 0 0 0 0 1 
2 0 0 0 1 0 0 0 0 0 
2 2 DOUBLE SYNC MARKER
0 1 0 0 0 1 0 0 2 0 0 0 1 0 0 0 0 0 2 0 0 1 1 0 0 1 0 0 2 0 0 1 1 0 0 0 1 0 2 0 1 0 0 0 0 0 0 1 2 0 0 0 1 0 0 0 0 0 2 FRAME: 
PASSED VALIDATION @ 2011/12/9 5:24
0 80 25 10 E 9 12 11 
3 
0 
1 
0 
0 
0 
1 
0 
1 
2 0 0 0 1 0 0 0 0 0 
2 0 0 1 1 0 0 1 0 0 
2 0 0 1 1 0 0 0 1 0 
2 0 1 0 0 0 0 0 0 1 
2 0 0 0 1 0 0 0 0 0 
2 2 DOUBLE SYNC MARKER
0 1 0 0 0 1 1 0 2 0 0 0 1 0 0 0 0 0 2 0 0 1 1 0 0 1 0 0 2 0 0 1 1 0 0 0 1 0 2 3 1 0 0 0 0 0 0 1 2 0 0 0 1 0 0 0 0 0 2 FRAME: 
PASSED VALIDATION @ 2011/12/9 5:26
0 80 27 10 E 9 12 11 
1 
0 
1 
0 
0 
0 
1 
1 
1 
2 0 0 0 1 0 0 0 0 0 
2 0 0 1 1 0 0 1 0 0 
2 0 0 1 1 0 0 0 1 0 
2 0 1 0 0 0 0 0 0 1 
2 0 0 0 1 0 0 0 0 0 
2 2 DOUBLE SYNC MARKER
3 
1 
0 
0 
1 
0 
0 
0 
2 0 0 0 1 0 0 0 0 0 
2 0 0 1 1 0 0 1 0 0 
2 0 0 1 1 0 0 0 1 0 
2 0 1 0 0 0 0 0 0 1 
2 0 0 0 1 0 0 0 0 0 
2 2 DOUBLE SYNC MARKER
0 1 0 0 1 0 0 1 2 0 0 0 1 0 0 0 0 0 2 0 0 1 1 0 0 1 0 0 2 0 0 1 1 0 0 0 0 0 0 
0 
0 
1 
2 0 0 0 1 0 0 0 0 0 
2 2 DOUBLE SYNC MARKER
0 1 1 0 0 0 0 0 2 0 0 0 1 0 0 0 0 0 2 0 0 1 1 0 0 1 0 0 2 0 0 1 1 0 0 0 1 0 2 0 1 0 0 0 0 0 0 1 2 0 0 0 1 0 0 0 0 0 2 FRAME: 
PASSED VALIDATION @ 2011/12/9 5:30
0 80 31 10 E 9 12 11 
2 DOUBLE SYNC MARKER
0 1 1 0 0 0 0 1 2 0 0 0 1 0 0 0 0 0 2 0 0 1 1 0 0 1 0 0 2 0 0 1 1 0 0 0 1 0 2 0 1 0 0 0 0 0 0 1 2 0 0 0 1 0 0 0 0 0 2 FRAME: 
PASSED VALIDATION @ 2011/12/9 5:31
0 80 32 10 E 9 12 11 
2 DOUBLE SYNC MARKER
0 1 1 0 0 0 1 0 2 0 0 0 1 0 0 0 0 0 2 0 0 1 1 0 0 1 0 0 2 0 0 1 1 0 0 0 1 0 2 0 1 0 0 0 0 0 0 1 2 0 0 0 1 0 0 0 0 0 2 FRAME: 
PASSED VALIDATION @ 2011/12/9 5:32
0 80 33 10 E 9 12 11 
2 DOUBLE SYNC MARKER
0 1 1 0 0 0 1 1 2 0 0 0 1 0 0 0 0 0 2 0 0 1 1 0 0 1 0 0 2 0 0 1 1 0 0 0 1 0 2 0 1 0 0 0 0 0 0 1 2 0 0 0 1 0 0 0 0 0 2 FRAME: 
PASSED VALIDATION @ 2011/12/9 5:33
0 80 34 10 E 9 12 11 
1 
0 
1 
1 
0 
0 
1 
0 
0 
2 0 0 0 1 0 0 0 0 0 
2 0 0 1 1 0 0 1 0 0 
2 0 0 1 1 0 0 0 1 0 
2 0 1 0 0 0 0 0 0 1 
2 0 0 0 1 0 0 0 0 0 
2 2 DOUBLE SYNC MARKER
1 1 1 0 0 1 0 1 2 0 0 0 1 0 0 0 0 0 2 0 0 1 1 0 0 1 0 0 2 0 0 1 1 0 0 0 1 0 2 0 1 0 0 0 0 0 0 1 2 0 0 0 1 0 0 0 0 0 2 FRAME: 
FAILED VALIDATION @ 2011/12/9 5:35
3 
0 
1 
1 
0 
0 
1 
1 
0 
2 0 0 0 1 0 0 0 0 0 
2 0 0 1 1 0 0 1 0 0 
1 
0 
0 
1 
1 
0 
0 
0 
1 
0 
2 0 1 0 0 0 0 0 0 1 
2 0 0 0 1 0 0 0 0 0 
2 2 DOUBLE SYNC MARKER
0 1 1 0 0 1 1 1 2 0 0 0 1 0 0 0 0 0 2 0 0 1 1 0 0 1 0 0 2 0 0 1 1 0 0 0 1 0 2 0 1 0 0 0 0 0 0 1 2 0 0 0 1 0 0 0 0 0 2 FRAME: 
PASSED VALIDATION @ 2011/12/9 5:37
0 80 38 10 E 9 12 11 
3 
0 
1 
1 
0 
1 
0 
0 
0 
2 0 0 0 1 0 0 0 0 0 
2 0 0 1 1 0 0 1 0 0 
2 0 0 1 1 0 0 0 1 0 
2 0 1 0 0 0 0 0 0 1 
2 0 0 0 1 0 0 0 0 0 
2 2 DOUBLE SYNC MARKER
0 1 1 0 1 0 0 1 2 0 0 0 1 0 0 0 0 0 2 0 0 1 1 0 0 1 0 0 2 0 0 1 1 0 0 0 1 0 2 0 1 0 0 0 0 0 0 1 2 0 0 0 1 0 0 0 0 0 2 FRAME: 
PASSED VALIDATION @ 2011/12/9 5:39
0 80 40 10 E 9 12 11 
1 
1 
0 
0 
0 
0 
0 
0 
0 
2 0 0 0 1 0 0 0 0 0 
2 0 0 1 1 0 0 1 0 0 
2 0 0 1 1 0 0 0 1 0 
2 0 1 0 0 0 0 0 0 3 
2 0 0 0 1 0 0 0 0 0 
2 2 DOUBLE SYNC MARKER
1 0 0 0 0 0 0 1 2 0 0 0 1 0 0 0 0 0 2 0 0 1 1 0 0 1 0 0 2 0 0 1 1 0 0 0 1 0 2 0 1 0 0 0 0 0 0 1 2 0 0 0 1 0 0 0 0 0 2 FRAME: 
PASSED VALIDATION @ 2011/12/9 5:41
0 80 42 10 E 9 12 11 
2 DOUBLE SYNC MARKER
1 0 0 0 0 0 1 0 2 0 0 0 1 0 0 0 0 0 2 0 0 1 1 0 0 1 0 0 2 0 0 1 1 0 0 0 1 0 2 0 1 0 0 0 0 0 0 1 2 0 0 0 1 0 0 0 0 0 2 FRAME: 
PASSED VALIDATION @ 2011/12/9 5:42
0 80 43 10 E 9 12 11 
1 
1 
0 
0 
0 
0 
0 
1 
1 
2 0 0 0 1 0 0 0 0 0 
2 0 0 1 1 0 0 0 0 0 
2 0 0 1 1 0 0 0 1 0 
2 0 1 0 0 0 0 0 0 1 
2 0 0 0 1 0 0 0 0 0 
2 2 DOUBLE SYNC MARKER
1 0 0 0 0 1 0 0 2 0 0 0 1 0 0 0 0 0 2 0 0 1 1 0 0 1 0 0 2 0 0 1 1 0 0 0 1 0 2 0 1 0 0 0 0 0 0 1 2 0 0 0 1 0 0 0 0 0 2 FRAME: 
PASSED VALIDATION @ 2011/12/9 5:44
0 80 45 10 E 9 12 11 
1 
1 
0 
0 
0 
0 
1 
0 
1 
2 0 0 0 1 0 0 0 0 0 
2 0 0 1 1 0 0 1 0 0 
2 0 0 1 1 0 0 0 1 0 
2 0 1 0 0 0 0 0 0 1 
2 0 0 0 1 0 0 0 0 0 
2 2 DOUBLE SYNC MARKER
1 0 0 0 0 1 1 0 2 0 0 0 1 0 0 0 0 0 2 0 0 1 1 0 0 1 0 0 2 0 0 1 1 0 0 0 1 0 2 0 1 0 0 0 0 0 0 1 2 0 0 0 1 0 0 0 0 0 2 FRAME: 
PASSED VALIDATION @ 2011/12/9 5:46
0 80 47 10 E 9 12 11 
1 
1 
0 
0 
0 
0 
1 
1 
1 
2 0 0 0 1 0 0 0 0 0 
2 0 0 1 1 0 0 1 0 0 
2 0 0 1 1 0 0 0 1 0 
2 0 1 0 0 0 0 0 0 1 
2 0 0 0 1 0 0 0 0 0 
2 2 DOUBLE SYNC MARKER
1 0 0 0 1 0 0 0 2 0 0 0 1 0 0 0 0 0 2 0 0 1 1 0 0 1 0 0 2 0 0 1 1 0 0 0 1 0 2 0 1 0 0 0 0 0 0 1 2 0 0 0 1 0 0 0 0 0 2 FRAME: 
PASSED VALIDATION @ 2011/12/9 5:48
0 80 49 10 E 9 12 11 
1 
1 
0 
0 
0 
1 
0 
0 
1 
1 
0 
0 
0 
1 
0 
0 
0 
0 
0 
2 0 0 1 1 0 0 1 0 0 
2 0 0 1 1 0 0 0 1 0 
2 0 1 0 0 0 0 0 0 1 
2 0 0 0 1 0 0 0 0 0 
2 2 DOUBLE SYNC MARKER
1 0 1 0 0 0 0 0 2 0 0 0 1 0 0 0 0 0 2 0 0 1 1 0 0 1 0 0 2 0 0 1 1 0 0 0 1 0 2 0 1 0 0 0 0 0 0 1 2 0 0 0 1 0 0 0 0 0 2 FRAME: 
PASSED VALIDATION @ 2011/12/9 5:50
0 80 51 10 E 9 12 11 
2 DOUBLE SYNC MARKER
1 0 1 0 0 0 0 1 2 0 0 0 1 0 0 0 0 0 2 0 0 1 1 0 0 1 0 0 2 0 0 1 1 0 0 0 1 0 2 0 1 0 0 0 0 0 0 1 2 0 0 0 1 0 0 0 0 0 2 FRAME: 
PASSED VALIDATION @ 2011/12/9 5:51
0 80 52 10 E 9 12 11 
1 
1 
0 
1 
0 
0 
0 
1 
0 
2 0 0 0 1 0 0 0 0 0 
2 0 0 1 1 0 0 1 0 0 
2 0 0 1 1 0 0 0 1 0 
2 0 1 0 0 0 0 0 0 1 
2 0 0 0 1 0 0 0 0 0 
2 2 DOUBLE SYNC MARKER
1 0 1 0 0 0 1 1 2 0 0 0 1 0 0 0 0 0 2 0 0 1 1 0 0 1 0 3 
2 0 0 1 1 0 0 0 1 0 
2 0 1 0 0 0 0 0 0 1 
2 0 0 0 1 0 0 0 0 0 
2 2 DOUBLE SYNC MARKER
1 0 1 0 0 1 0 0 2 0 0 0 1 0 0 0 0 0 2 0 0 1 1 0 0 1 0 0 2 0 0 1 1 0 0 0 1 0 2 0 1 0 0 0 0 0 0 1 2 0 0 0 1 0 0 0 0 0 2 FRAME: 
PASSED VALIDATION @ 2011/12/9 5:54
0 80 55 10 E 9 12 11 
2 DOUBLE SYNC MARKER
1 0 1 0 0 1 0 1 2 0 0 0 1 0 0 0 0 0 2 0 0 1 1 0 0 1 0 0 2 0 0 1 1 0 0 0 1 0 2 0 1 0 0 0 0 0 0 1 2 0 0 0 1 0 0 0 0 0 2 FRAME: 
PASSED VALIDATION @ 2011/12/9 5:55
0 80 56 10 E 9 12 11 
1 
1 
0 
1 
0 
0 
1 
0 
0 
2 0 0 0 1 0 0 0 0 0 
2 0 0 1 1 0 0 1 0 0 
2 0 0 1 1 0 0 0 1 0 
2 0 1 0 0 0 0 0 0 1 
2 0 0 0 1 0 0 0 0 0 
2 2 DOUBLE SYNC MARKER
1 0 1 0 0 1 1 1 2 0 0 0 1 0 0 0 0 0 2 0 0 1 1 0 0 1 0 0 2 0 0 1 1 0 0 0 1 0 2 0 1 0 0 0 0 0 0 1 2 0 0 0 1 0 0 0 0 3 
2 2 DOUBLE SYNC MARKER
1 0 1 0 1 0 0 0 2 0 0 0 1 0 0 0 0 0 2 0 0 1 1 0 0 1 0 0 2 0 0 1 1 0 0 0 1 0 2 0 1 0 0 0 0 0 0 1 2 0 0 0 1 0 0 0 0 0 2 FRAME: 
PASSED VALIDATION @ 2011/12/9 5:58
0 80 59 10 E 9 12 11 
3 
1 
0 
1 
0 
1 
0 
0 
1 
2 0 0 0 3 0 0 0 0 0 
2 0 0 1 1 0 0 1 0 0 
2 0 0 1 1 0 0 0 1 0 
2 0 1 0 0 0 0 0 0 1 
2 0 0 0 1 0 0 0 0 0 
2 2 DOUBLE SYNC MARKER
0 0 0 0 0 0 0 0 2 0 0 0 1 0 0 0 0 1 2 0 0 1 1 0 0 1 0 0 2 0 0 1 1 0 0 0 1 0 2 0 1 0 0 0 0 0 0 1 2 0 0 0 1 0 0 0 0 0 2 FRAME: 
PASSED VALIDATION @ 2011/12/9 6:0
0 80 1 11 E 9 12 11 
3 
0 
0 
0 
0 
0 
0 
0 
1 
2 0 0 0 1 0 0 0 0 1 
2 0 0 1 1 0 0 1 0 0 
2 0 0 1 1 0 0 0 1 0 
2 0 1 0 0 0 0 0 0 1 
2 0 0 0 1 0 0 0 0 0 
2 2 DOUBLE SYNC MARKER
0 0 0 0 0 0 1 0 2 0 0 0 1 0 0 0 0 0 2 0 0 1 1 0 0 1 0 0 2 0 0 1 1 0 0 0 1 0 2 0 1 0 0 0 0 0 0 1 2 0 0 0 1 0 0 0 0 0 2 FRAME: 
PASSED VALIDATION @ 2011/12/9 6:2
0 80 3 10 E 9 12 11 
2 DOUBLE SYNC MARKER
0 0 0 0 0 0 1 1 2 0 0 0 1 0 0 0 0 1 2 0 0 1 1 0 0 1 0 0 2 0 0 1 1 0 0 0 1 0 2 0 1 0 0 0 0 0 0 1 2 0 0 0 1 0 0 0 0 0 2 FRAME: 
PASSED VALIDATION @ 2011/12/9 6:3
0 80 4 11 E 9 12 11 
3 
0 
0 
0 
0 
0 
1 
0 
0 
2 0 0 0 1 0 0 0 0 1 
2 0 0 1 1 0 0 1 0 0 
2 0 0 1 1 0 0 0 1 0 
2 0 1 0 0 0 0 0 0 1 
2 0 0 0 1 0 0 0 0 0 
2 2 DOUBLE SYNC MARKER
0 0 0 0 0 1 0 1 2 0 0 0 1 0 0 0 0 1 2 0 0 1 1 0 0 1 0 0 2 0 0 1 1 0 0 0 1 0 2 0 1 0 0 0 0 0 0 1 2 0 0 0 1 0 0 0 0 0 2 FRAME: 
PASSED VALIDATION @ 2011/12/9 6:5
0 80 6 11 E 9 12 11 
2 DOUBLE SYNC MARKER
0 0 0 0 0 1 1 0 2 0 0 0 1 0 0 0 0 1 2 0 0 0 1 0 0 1 0 0 2 0 0 1 1 0 0 0 1 0 2 0 1 0 0 0 0 0 0 1 2 0 0 0 1 0 0 0 0 0 2 FRAME: 
PASSED VALIDATION @ 2011/12/9 6:6
0 80 7 11 A 23 5 11 
1 
0 
0 
0 
0 
0 
1 
1 
1 
2 0 0 0 1 0 0 0 0 1 
2 0 0 1 1 0 0 1 0 0 
2 0 0 1 1 0 0 0 1 0 
2 0 1 0 0 0 0 3 
0 
1 
2 0 0 0 1 0 0 0 0 0 
2 2 DOUBLE SYNC MARKER
0 0 0 0 1 0 0 0 2 0 0 0 1 0 0 0 0 1 2 0 0 1 1 0 0 1 0 0 2 0 0 1 1 0 0 0 1 0 2 0 1 0 0 0 0 0 0 1 2 0 0 0 1 0 0 0 0 0 2 FRAME: 
PASSED VALIDATION @ 2011/12/9 6:8
0 80 9 11 E 9 12 11 
1 
0 
0 
0 
3 
1 
0 
0 
1 
2 0 0 0 1 0 0 0 0 1 
2 0 0 1 1 0 0 1 0 0 
2 0 0 1 1 0 0 0 1 0 
2 0 1 0 0 0 0 0 0 1 
2 0 0 0 1 0 0 0 0 0 
2 2 DOUBLE SYNC MARKER
0 0 1 0 0 0 0 0 2 0 0 0 1 0 0 0 0 1 2 0 0 1 1 0 0 1 0 0 2 0 0 1 1 0 0 0 1 0 2 0 1 0 0 0 0 0 0 1 2 0 0 1 1 0 0 0 0 0 2 FRAME: 
PASSED VALIDATION @ 2011/12/9 6:10
0 80 11 11 A 9 12 13 
2 DOUBLE SYNC MARKER
0 0 1 0 0 0 0 1 2 0 0 0 1 0 0 0 0 1 2 0 0 1 1 0 0 1 0 0 2 0 0 1 1 0 0 0 1 0 2 0 1 0 0 0 0 0 0 1 2 0 0 0 1 0 0 0 0 0 2 FRAME: 
PASSED VALIDATION @ 2011/12/9 6:11
0 80 12 11 E 9 12 11 
2 DOUBLE SYNC MARKER
0 0 1 0 0 0 1 0 2 0 0 0 1 0 0 0 0 1 2 0 0 1 1 0 0 1 0 0 2 0 0 1 1 0 0 0 1 0 2 0 1 0 0 0 0 0 0 1 2 0 0 0 1 0 0 0 0 0 2 FRAME: 
PASSED VALIDATION @ 2011/12/9 6:12
0 80 13 11 E 9 12 11 
1 
0 
0 
1 
0 
3 
0 
1 
1 
2 0 0 0 1 0 0 0 0 1 
2 0 0 1 1 0 0 1 0 0 
2 0 0 1 1 0 0 0 1 0 
2 0 1 0 0 0 0 0 0 1 
2 0 0 0 1 0 0 0 0 0 
2 2 DOUBLE SYNC MARKER
0 0 1 0 0 1 0 0 2 0 0 0 1 0 0 0 0 1 2 0 0 1 1 0 0 1 0 0 2 0 0 1 1 0 0 0 1 0 2 0 1 0 0 0 0 0 0 1 2 0 0 0 1 0 0 0 0 0 2 FRAME: 
PASSED VALIDATION @ 2011/12/9 6:14
0 80 15 11 E 9 12 11 
1 
0 
0 
1 
0 
0 
1 
0 
1 
2 0 0 0 1 0 0 0 0 1 
2 0 0 1 1 0 0 1 0 0 
2 0 0 1 1 0 0 0 1 0 
2 0 1 0 0 0 0 0 0 1 
2 0 0 0 1 0 0 0 0 0 
2 2 DOUBLE SYNC MARKER
0 0 1 1 0 1 1 0 2 0 0 0 1 0 0 0 0 1 2 0 0 1 1 0 0 1 0 0 2 0 0 1 1 0 0 0 1 0 2 0 1 0 0 0 0 0 0 1 2 0 0 0 1 0 0 0 0 0 2 FRAME: 
PASSED VALIDATION @ 2011/12/9 6:16
0 80 17 11 E 9 12 11 
1 
0 
0 
1 
0 
0 
1 
1 
1 
2 0 0 0 1 0 0 0 0 1 
2 0 0 1 1 0 0 1 0 0 
1 
0 
0 
1 
1 
0 
0 
0 
1 
0 
2 0 1 0 0 0 0 0 0 1 
2 0 0 0 1 0 0 0 0 0 
2 2 DOUBLE SYNC MARKER
0 0 1 0 1 0 0 0 2 0 0 0 1 0 0 0 0 1 2 0 0 1 1 0 0 1 0 0 2 0 0 1 1 0 0 0 1 0 2 0 1 0 0 0 0 0 0 1 2 0 0 0 1 0 0 0 0 0 2 FRAME: 
PASSED VALIDATION @ 2011/12/9 6:18
0 80 19 11 E 9 12 11 
0 
1 
0 
0 
1 
2 0 0 0 1 0 0 0 0 1 
2 0 0 1 1 0 0 1 0 0 
2 0 0 1 1 0 0 0 1 0 
2 0 1 0 0 0 0 0 0 1 
2 0 0 0 1 0 0 0 0 0 
2 2 DOUBLE SYNC MARKER
0 1 0 0 0 0 0 0 2 0 0 0 1 0 0 0 0 1 2 0 0 1 1 0 0 1 0 0 2 0 0 1 1 0 0 0 1 0 2 0 1 0 0 0 0 0 0 1 2 0 0 0 1 0 0 0 0 0 2 FRAME: 
PASSED VALIDATION @ 2011/12/9 6:20
0 80 21 11 E 9 12 11 
1 
0 
1 
0 
0 
0 
0 
0 
1 
2 0 0 0 1 0 0 0 0 1 
2 0 0 1 1 0 0 1 0 0 
2 0 0 1 1 0 0 0 1 0 
2 0 1 0 0 0 0 0 0 1 
2 0 0 0 1 0 0 0 0 0 
2 2 DOUBLE SYNC MARKER
0 1 0 0 0 0 1 0 2 0 0 0 1 0 0 0 0 1 2 0 0 1 1 0 0 1 0 0 2 0 0 1 1 0 0 0 1 0 2 0 1 0 0 0 0 0 0 1 2 0 0 0 1 0 0 0 0 0 2 FRAME: 
PASSED VALIDATION @ 2011/12/9 6:22
0 80 23 11 E 9 12 11 
3 
0 
1 
0 
0 
0 
0 
1 
1 
2 0 0 0 1 0 0 0 0 1 
2 0 0 1 1 0 0 1 0 0 
2 0 0 1 1 0 0 0 1 0 
2 0 1 0 0 0 0 0 0 1 
2 0 0 0 1 0 0 0 0 0 
2 2 DOUBLE SYNC MARKER
0 1 0 0 0 1 0 0 2 0 0 0 1 0 0 0 0 1 2 0 0 1 1 0 0 1 0 0 2 0 0 1 1 0 0 0 1 0 2 0 1 0 0 0 0 0 0 1 2 0 0 0 1 0 0 0 0 0 2 FRAME: 
PASSED VALIDATION @ 2011/12/9 6:24
0 80 25 11 E 9 12 11 
2 DOUBLE SYNC MARKER
0 0 0 1 0 0 0 0 1 
2 0 0 1 1 0 0 1 0 0 
2 0 0 1 1 0 0 0 1 0 
2 0 1 0 0 0 0 0 0 1 
2 0 0 0 1 0 0 0 0 0 
2 2 DOUBLE SYNC MARKER
0 1 0 0 0 1 1 0 2 0 0 0 1 0 0 0 0 1 2 0 0 1 1 0 0 1 0 0 2 0 0 1 1 0 0 0 1 0 2 0 1 0 0 0 0 0 0 1 2 0 0 0 1 0 0 0 0 0 2 FRAME: 
PASSED VALIDATION @ 2011/12/9 6:26
0 80 27 11 E 9 12 11 
2 DOUBLE SYNC MARKER
0 1 0 0 0 1 1 1 2 0 0 0 1 0 0 0 0 1 2 0 0 1 1 0 0 1 0 0 2 0 0 1 1 0 0 0 1 0 2 0 1 0 0 0 0 0 0 1 2 0 0 0 1 0 0 0 0 0 2 FRAME: 
PASSED VALIDATION @ 2011/12/9 6:27
0 80 28 11 E 9 12 11 
0 
0 
0 
0 
0 
0 
1 
2 0 0 1 1 0 0 1 0 0 
2 0 0 1 1 0 0 0 1 0 
2 0 1 0 0 0 0 0 0 1 
2 0 0 0 1 0 0 0 0 0 
2 2 DOUBLE SYNC MARKER
0 1 0 0 1 0 0 1 2 0 0 0 1 0 0 0 0 1 2 0 0 1 1 0 0 1 0 0 2 0 0 1 1 0 0 0 1 0 2 0 1 0 0 0 0 0 0 1 2 0 0 0 1 0 0 0 0 0 2 FRAME: 
PASSED VALIDATION @ 2011/12/9 6:29
0 80 30 11 E 9 12 11 
2 DOUBLE SYNC MARKER
0 1 1 0 0 0 0 0 2 0 0 0 1 0 0 0 0 1 2 0 0 1 1 0 0 1 0 0 2 0 0 1 1 0 0 0 1 0 2 0 1 0 0 0 0 0 0 1 2 0 0 0 1 0 0 0 0 0 2 FRAME: 
PASSED VALIDATION @ 2011/12/9 6:30
0 80 31 11 E 9 12 11 
2 DOUBLE SYNC MARKER
0 1 1 0 0 0 0 1 2 0 0 0 1 0 0 0 0 1 2 0 0 1 1 0 0 1 0 0 2 0 0 1 1 0 0 0 1 0 2 0 1 0 0 0 0 0 0 1 2 0 0 0 1 0 0 0 0 0 2 FRAME: 
PASSED VALIDATION @ 2011/12/9 6:31
0 80 32 11 E 9 12 11 
2 DOUBLE SYNC MARKER
0 1 1 0 0 0 1 0 2 0 0 0 1 0 0 0 0 1 2 0 0 1 1 0 0 1 0 0 2 0 0 1 1 0 0 0 1 0 2 0 1 0 0 0 0 0 0 1 2 0 0 0 1 0 0 0 0 0 2 FRAME: 
PASSED VALIDATION @ 2011/12/9 6:32
0 80 33 11 E 9 12 11 
3 
0 
1 
1 
0 
0 
0 
1 
1 
2 0 0 0 1 0 0 0 0 1 
2 0 0 1 1 0 0 1 0 0 
2 0 0 1 1 0 0 0 1 0 
2 0 1 0 0 0 0 0 0 1 
2 0 0 0 1 0 0 0 0 0 
2 2 DOUBLE SYNC MARKER
0 1 1 0 0 1 0 0 2 0 0 0 1 0 0 0 0 1 2 0 0 1 1 0 0 1 0 0 2 0 0 1 1 0 0 0 1 0 2 0 1 0 0 0 0 0 0 1 2 0 0 0 1 0 0 0 0 0 2 FRAME: 
PASSED VALIDATION @ 2011/12/9 6:34
0 80 35 11 E 9 12 11 
2 DOUBLE SYNC MARKER
0 1 1 0 0 1 0 1 2 0 0 0 1 0 0 0 0 1 2 0 0 1 1 0 0 1 0 0 2 0 0 1 1 0 0 0 1 0 2 0 1 0 0 0 0 0 0 1 2 0 0 0 1 0 0 0 0 0 2 FRAME: 
PASSED VALIDATION @ 2011/12/9 6:35
0 80 36 11 E 9 12 11 
2 DOUBLE SYNC MARKER
0 1 1 0 0 1 1 0 2 0 0 0 1 0 0 0 0 1 2 0 0 1 1 0 0 1 0 0 2 0 0 1 1 0 0 0 1 0 2 0 1 0 0 0 0 0 0 1 2 0 0 0 1 0 0 0 0 0 2 FRAME: 
PASSED VALIDATION @ 2011/12/9 6:36
0 80 37 11 E 9 12 11 
2 DOUBLE SYNC MARKER
0 1 1 0 0 1 1 1 2 0 0 0 1 0 0 0 0 1 2 0 0 1 1 0 0 1 0 0 2 0 0 1 1 0 0 0 1 0 2 0 1 0 0 0 0 0 0 1 2 0 0 0 1 0 0 0 0 0 2 FRAME: 
PASSED VALIDATION @ 2011/12/9 6:37
0 80 38 11 E 9 12 11 
1 
0 
1 
1 
0 
1 
0 
0 
0 
2 0 0 0 1 0 0 0 0 1 
2 0 0 1 1 0 0 1 0 0 
2 0 0 1 1 0 0 0 1 0 
2 0 1 0 0 0 0 0 0 1 
2 0 0 0 1 0 0 0 0 0 
2 2 DOUBLE SYNC MARKER
0 1 1 0 1 0 0 1 2 0 0 0 1 0 0 0 0 1 2 0 0 1 1 0 0 1 0 0 2 0 0 1 1 0 0 0 1 0 2 0 1 0 0 0 0 0 0 1 2 0 0 0 1 0 0 0 0 0 2 FRAME: 
PASSED VALIDATION @ 2011/12/9 6:39
0 80 40 11 E 9 12 11 
2 DOUBLE SYNC MARKER
1 0 0 0 0 0 0 0 2 0 0 0 1 0 0 0 0 1 2 0 0 1 1 0 0 1 0 0 2 0 0 1 1 0 0 0 1 0 2 0 1 0 0 0 0 0 0 1 2 0 0 0 1 0 0 0 0 0 2 FRAME: 
PASSED VALIDATION @ 2011/12/9 6:40
0 80 41 11 E 9 12 11 
1 
1 
0 
0 
0 
0 
0 
0 
1 
2 0 0 0 1 0 0 0 0 1 
2 0 0 1 1 0 0 1 0 0 
2 0 0 1 1 0 0 0 1 0 
2 0 1 0 0 0 0 0 0 1 
2 0 0 0 1 0 0 0 0 0 
2 2 DOUBLE SYNC MARKER
1 0 0 0 0 0 1 0 2 0 0 0 1 0 0 0 0 1 2 0 0 1 1 0 0 1 0 0 2 0 0 1 1 0 0 0 1 0 2 0 1 0 0 0 0 0 0 1 2 0 0 0 1 0 0 0 0 0 2 FRAME: 
PASSED VALIDATION @ 2011/12/9 6:42
0 80 43 11 E 9 12 11 
2 DOUBLE SYNC MARKER
1 0 0 0 0 0 1 1 2 0 0 0 1 0 0 0 0 1 2 0 0 1 1 0 0 1 0 0 2 0 0 1 1 0 0 0 1 0 2 0 1 0 0 0 0 0 0 1 2 0 0 0 1 0 0 0 0 0 2 FRAME: 
PASSED VALIDATION @ 2011/12/9 6:43
0 80 44 11 E 9 12 11 
2 DOUBLE SYNC MARKER
1 0 0 0 0 1 0 0 2 0 0 0 1 0 0 0 0 1 2 0 0 1 1 0 0 1 0 0 2 0 0 1 1 0 0 0 1 0 2 0 1 0 0 0 0 0 0 1 2 0 0 0 1 0 0 0 0 0 2 FRAME: 
PASSED VALIDATION @ 2011/12/9 6:44
0 80 45 11 E 9 12 11 
1 
1 
0 
0 
0 
0 
1 
0 
1 
2 0 0 0 1 0 0 0 0 1 
2 0 0 1 1 0 0 1 0 0 
2 0 0 1 1 0 0 0 1 0 
2 0 1 0 0 0 0 0 0 1 
2 0 0 0 1 0 0 0 0 0 
2 2 DOUBLE SYNC MARKER
1 0 0 0 0 1 1 0 2 0 0 0 1 0 0 0 0 1 2 0 0 1 1 0 0 1 0 0 2 0 0 1 1 0 0 0 1 0 2 0 1 0 0 0 0 0 0 1 2 0 0 0 1 0 0 0 0 0 2 FRAME: 
PASSED VALIDATION @ 2011/12/9 6:46
0 80 47 11 E 9 12 11 
2 DOUBLE SYNC MARKER
1 0 0 0 0 1 1 1 2 0 0 0 1 0 0 0 0 1 2 0 0 1 1 0 0 1 0 0 2 0 0 1 1 0 0 0 1 0 2 0 1 0 0 0 0 0 0 1 2 0 0 0 1 0 0 0 0 0 2 FRAME: 
PASSED VALIDATION @ 2011/12/9 6:47
0 80 48 11 E 9 12 11 
2 DOUBLE SYNC MARKER
1 0 0 0 1 0 0 0 2 0 0 0 1 0 0 0 0 1 2 0 0 1 1 0 0 1 0 0 2 0 0 1 1 0 0 0 1 0 2 0 1 0 0 0 0 0 0 1 2 0 0 0 1 0 0 0 0 0 2 FRAME: 
PASSED VALIDATION @ 2011/12/9 6:48
0 80 49 11 E 9 12 11 
2 DOUBLE SYNC MARKER
1 0 0 0 1 0 0 1 2 0 0 0 1 0 0 0 0 1 2 0 0 1 1 0 0 1 0 0 2 0 0 1 1 0 0 0 1 0 2 0 1 0 0 0 0 0 0 1 2 0 0 0 1 0 0 0 0 0 2 FRAME: 
PASSED VALIDATION @ 2011/12/9 6:49
0 80 50 11 E 9 12 11 
2 DOUBLE SYNC MARKER
1 0 1 0 0 0 0 0 2 0 0 0 1 0 0 0 0 1 2 0 0 1 1 0 0 1 0 0 2 0 0 1 1 0 0 0 1 0 2 0 1 0 0 0 0 0 0 1 2 0 0 0 1 0 0 0 0 0 2 FRAME: 
PASSED VALIDATION @ 2011/12/9 6:50
0 80 51 11 E 9 12 11 
0 
0 
1 
2 0 0 0 1 0 0 0 0 1 
2 0 0 1 1 0 0 1 0 0 
2 0 0 1 1 0 0 0 1 0 
2 0 1 0 0 0 0 0 0 1 
2 0 0 0 1 0 0 0 0 0 
2 2 DOUBLE SYNC MARKER
1 0 1 0 0 0 1 0 2 0 0 0 1 0 0 0 0 1 2 0 0 1 1 0 0 1 0 0 2 0 0 1 1 0 0 0 1 0 2 0 1 0 0 0 0 0 0 1 2 0 0 0 1 0 0 3 0 0 2 FRAME: 
PASSED VALIDATION @ 2011/12/9 6:52
0 80 53 11 E 9 12 11 
1 
1 
0 
1 
0 
0 
0 
1 
1 
2 0 0 0 1 0 0 0 0 1 
2 0 0 1 1 0 0 1 0 0 
2 0 0 1 1 0 0 0 1 0 
2 0 1 0 0 0 0 0 0 1 
2 0 0 0 1 0 0 0 0 0 
2 2 DOUBLE SYNC MARKER
1 0 1 0 0 1 0 0 2 0 0 0 1 0 0 0 0 1 2 0 0 1 1 0 0 1 0 0 2 0 0 1 1 0 0 0 1 0 2 0 1 0 0 0 0 0 0 1 2 0 0 0 1 0 0 0 0 0 2 FRAME: 
PASSED VALIDATION @ 2011/12/9 6:54
0 80 55 11 E 9 12 11 
1 
1 
0 
1 
0 
0 
1 
3 
1 
2 0 0 0 1 0 0 0 0 1 
2 0 0 1 1 0 0 1 0 0 
2 0 0 1 1 0 0 0 1 0 
2 0 1 0 0 0 0 0 0 1 
2 0 0 0 1 0 0 0 0 0 
2 2 DOUBLE SYNC MARKER
1 0 1 0 0 1 1 0 2 0 0 0 1 0 0 0 0 1 2 0 0 1 1 0 0 1 0 0 2 0 0 1 1 0 0 0 1 0 2 0 1 0 0 0 0 0 0 1 2 0 0 0 1 0 0 0 0 0 2 FRAME: 
PASSED VALIDATION @ 2011/12/9 6:56
0 80 57 11 E 9 12 11 
1 
1 
0 
1 
0 
0 
1 
1 
1 
2 0 0 0 1 0 0 0 0 1 
2 0 0 1 1 0 0 1 0 0 
2 0 0 1 1 0 0 0 1 0 
2 0 1 0 0 0 0 0 0 1 
2 0 0 0 1 0 0 0 0 0 
2 2 DOUBLE SYNC MARKER
1 0 1 0 1 0 0 0 2 0 0 0 1 0 0 0 0 1 2 0 0 1 1 0 0 1 0 0 2 0 0 1 1 0 0 0 1 0 2 0 1 0 0 0 0 0 0 1 2 0 0 0 1 0 0 0 0 0 2 FRAME: 
PASSED VALIDATION @ 2011/12/9 6:58
0 80 59 11 E 9 12 11 
2 DOUBLE SYNC MARKER
1 0 1 0 1 0 0 1 2 0 0 0 1 0 0 0 0 1 2 0 0 1 1 0 0 1 0 0 2 0 0 1 1 0 0 0 1 0 2 0 1 0 0 0 0 0 0 1 2 0 0 0 1 0 0 0 0 0 2 FRAME: 
FAILED VALIDATION @ 2011/12/9 6:59
2 DOUBLE SYNC MARKER
0 0 0 0 0 0 0 0 2 0 0 0 1 0 0 0 1 0 2 0 0 1 1 0 0 1 0 0 2 0 0 1 1 0 0 0 1 0 2 0 1 0 0 0 0 0 0 1 2 0 0 0 1 0 0 0 0 0 2 FRAME: 
PASSED VALIDATION @ 2011/12/9 7:0
0 80 1 12 E 9 12 11 
2 DOUBLE SYNC MARKER
1 0 0 0 0 0 0 1 2 0 0 0 1 0 0 0 1 0 2 0 0 1 1 0 0 1 0 0 2 0 0 1 1 0 0 0 1 0 2 0 1 0 0 0 0 0 0 1 2 0 0 0 1 0 0 0 0 0 2 FRAME: 
PASSED VALIDATION @ 2011/12/9 7:1
0 80 42 12 E 9 12 11 
2 DOUBLE SYNC MARKER
0 0 0 0 0 0 1 0 2 0 0 0 1 0 0 0 1 0 2 0 0 1 1 0 0 1 0 0 2 0 0 1 1 0 0 0 1 0 2 0 1 0 0 0 0 0 0 1 2 0 0 0 1 0 0 0 0 0 2 FRAME: 
PASSED VALIDATION @ 2011/12/9 7:2
0 80 3 12 E 9 12 11 
2 DOUBLE SYNC MARKER
0 0 0 0 0 0 1 1 2 0 0 0 1 0 0 0 1 0 2 0 0 1 1 0 0 1 0 0 2 0 0 1 1 0 0 0 1 0 2 0 1 0 0 0 0 0 1 1 2 0 0 0 1 0 0 0 0 0 2 FRAME: 
PASSED VALIDATION @ 2011/12/9 7:3
0 80 4 12 B 9 12 31 
2 DOUBLE SYNC MARKER
0 0 0 0 0 1 0 0 2 0 0 0 1 0 0 0 1 0 2 0 0 1 1 0 0 1 0 0 2 0 0 1 1 0 0 0 1 0 2 0 1 0 0 0 0 0 0 1 2 0 0 0 1 0 0 0 0 0 2 FRAME: 
PASSED VALIDATION @ 2011/12/9 7:4
0 80 5 12 E 9 12 11 
2 DOUBLE SYNC MARKER
0 0 0 0 0 1 0 1 2 0 0 0 1 0 0 0 1 0 2 0 0 1 1 0 0 1 0 0 2 0 0 1 1 0 0 0 1 0 2 0 1 0 0 0 0 0 0 1 2 0 0 0 1 0 0 0 0 0 2 FRAME: 
PASSED VALIDATION @ 2011/12/9 7:5
0 80 6 12 E 9 12 11 
2 DOUBLE SYNC MARKER
0 0 0 0 0 1 1 0 2 0 0 0 1 0 0 0 1 0 2 0 0 1 1 0 0 1 0 0 2 0 0 1 1 0 0 0 1 0 2 0 1 0 0 0 0 0 0 1 2 0 0 0 1 0 0 0 0 0 2 FRAME: 
PASSED VALIDATION @ 2011/12/9 7:6
0 80 7 12 E 9 12 11 
1 
0 
0 
0 
0 
0 
1 
1 
1 
2 0 0 0 1 0 0 0 1 0 
2 0 0 1 1 0 0 1 0 0 
2 0 0 1 1 0 0 0 1 0 
2 0 1 0 0 0 0 0 0 1 
2 0 0 0 1 0 0 0 0 0 
2 2 DOUBLE SYNC MARKER
0 0 0 0 1 0 0 0 2 0 0 0 1 0 0 0 1 0 2 0 0 1 1 0 0 1 0 0 2 0 0 1 1 0 0 0 1 0 2 0 1 0 0 0 0 0 0 1 2 0 0 0 1 0 0 0 0 0 2 FRAME: 
PASSED VALIDATION @ 2011/12/9 7:8
0 80 9 12 E 9 12 11 
0 
1 
0 
0 
1 
2 0 0 0 1 0 0 0 1 0 
2 0 0 1 1 0 0 1 0 0 
2 0 0 1 1 0 0 0 1 0 
2 0 1 0 0 0 0 0 0 1 
2 0 0 0 1 0 0 0 0 0 
2 2 DOUBLE SYNC MARKER
0 0 1 0 0 0 0 0 2 0 0 0 1 0 0 0 1 0 2 0 0 1 1 0 0 1 0 0 2 0 0 1 1 0 0 0 1 0 2 0 1 0 0 0 0 0 0 1 2 0 0 0 1 0 0 0 0 0 2 FRAME: 
PASSED VALIDATION @ 2011/12/9 7:10
0 80 11 12 E 9 12 11 
1 
0 
0 
1 
0 
0 
0 
0 
1 
2 0 0 0 1 0 0 0 1 0 
2 0 0 1 1 0 0 1 0 0 
2 0 0 1 1 0 0 0 1 0 
2 0 1 0 0 0 0 0 0 1 
2 0 0 0 1 0 0 0 0 0 
2 2 DOUBLE SYNC MARKER
0 0 1 0 0 0 1 0 2 0 0 0 1 0 0 0 1 0 2 0 0 1 1 0 0 1 0 0 2 0 0 1 1 0 0 0 1 0 2 0 1 0 0 0 0 0 0 1 2 0 0 0 1 0 0 0 0 0 2 FRAME: 
PASSED VALIDATION @ 2011/12/9 7:12
0 80 13 12 E 9 12 11 
1 
0 
0 
1 
0 
0 
0 
1 
1 
2 0 0 0 1 0 0 0 1 0 
2 0 0 1 1 0 0 1 0 1 
2 0 0 1 1 0 0 0 1 0 
2 0 1 0 0 0 0 0 0 1 
2 0 0 0 1 0 0 0 0 0 
2 2 DOUBLE SYNC MARKER
0 0 1 0 0 1 0 0 2 0 0 0 1 0 0 0 1 0 2 0 0 1 1 0 0 1 0 0 2 0 0 1 1 0 0 0 1 0 2 0 1 0 0 0 0 0 0 1 2 0 0 0 1 0 0 0 0 0 2 FRAME: 
PASSED VALIDATION @ 2011/12/9 7:14
0 80 15 12 E 9 12 11 
2 DOUBLE SYNC MARKER
0 0 1 0 0 1 0 1 2 0 0 0 1 0 0 0 1 0 2 0 0 1 1 0 0 1 0 0 2 0 0 1 1 0 0 0 1 0 2 0 1 0 0 0 0 0 0 1 2 0 0 0 1 0 0 0 0 0 2 FRAME: 
PASSED VALIDATION @ 2011/12/9 7:15
0 80 16 12 E 9 12 11 
1 
0 
0 
1 
0 
1 
1 
0 
0 
1 
1 
0 
2 0 0 1 1 0 0 0 1 0 
2 0 1 0 0 0 0 0 0 1 
2 0 0 0 1 0 0 0 0 0 
2 2 DOUBLE SYNC MARKER
0 0 1 0 0 1 1 1 2 0 0 0 1 0 0 0 1 0 2 0 0 1 1 0 0 1 0 0 2 0 0 1 1 0 0 0 1 0 2 0 1 0 0 0 0 0 0 1 2 0 0 0 1 0 0 0 0 0 2 FRAME: 
PASSED VALIDATION @ 2011/12/9 7:17
0 80 18 12 E 9 12 11 
0 
2 0 0 0 1 0 0 0 1 0 
2 0 0 1 1 0 0 1 0 0 
2 0 0 1 1 0 0 0 1 0 
2 0 1 0 0 0 0 0 0 1 
2 0 0 0 1 0 0 0 0 0 
2 2 DOUBLE SYNC MARKER
0 0 1 0 1 0 0 1 2 0 0 0 1 1 0 0 1 0 2 0 0 1 1 0 0 1 0 0 2 0 0 1 1 0 0 0 1 0 2 0 1 0 0 0 0 0 0 1 2 0 0 0 1 0 0 0 0 0 2 FRAME: 
PASSED VALIDATION @ 2011/12/9 7:19
0 80 20 12 E 9 12 11 
0 
0 
1 
0 
2 0 0 1 1 0 0 1 0 0 
2 0 0 1 1 0 0 0 1 0 
2 0 1 0 0 0 0 0 0 1 
2 0 0 0 1 0 0 0 0 0 
2 2 DOUBLE SYNC MARKER
0 1 0 0 0 0 0 1 2 0 0 0 1 0 0 0 1 0 2 0 0 1 1 0 0 1 0 0 2 0 0 1 1 0 0 0 1 0 2 0 1 0 0 0 0 0 0 1 2 0 0 0 1 0 0 0 0 0 2 FRAME: 
PASSED VALIDATION @ 2011/12/9 7:21
0 80 22 12 E 9 12 11 
2 DOUBLE SYNC MARKER
1 1 0 0 0 0 1 0 2 0 0 0 1 0 0 0 1 0 2 0 0 1 1 0 0 1 0 0 2 0 0 1 1 0 0 0 1 0 2 0 1 0 0 0 0 0 0 1 2 0 0 0 1 0 0 0 0 0 2 FRAME: 
FAILED VALIDATION @ 2011/12/9 7:22
1 
0 
0 
0 
0 
1 
0 
2 0 0 1 1 0 0 1 0 0 
2 0 0 1 1 0 0 0 1 0 
2 0 1 0 0 0 0 0 0 1 
2 0 0 0 1 0 0 0 0 0 
2 2 DOUBLE SYNC MARKER
0 1 0 0 0 1 0 0 2 0 0 0 1 0 0 0 1 0 2 0 0 1 1 0 0 1 0 0 2 0 0 1 1 0 0 0 1 0 2 0 1 0 0 0 0 0 0 1 2 0 0 0 1 0 0 0 0 0 2 FRAME: 
PASSED VALIDATION @ 2011/12/9 7:24
0 80 25 12 E 9 12 11 
3 
0 
1 
2 0 0 0 1 0 0 0 1 0 
2 0 0 1 1 0 0 1 0 0 
2 0 0 1 1 0 0 0 1 0 
2 0 1 0 0 0 0 0 0 1 
2 0 0 0 1 0 0 0 0 0 
2 2 DOUBLE SYNC MARKER
0 1 0 0 0 1 1 0 2 0 0 0 1 0 0 0 1 0 2 0 0 1 1 0 0 1 0 0 2 0 0 1 1 0 0 0 1 0 2 0 1 0 0 0 0 0 0 1 2 0 0 0 1 0 0 0 0 0 2 FRAME: 
PASSED VALIDATION @ 2011/12/9 7:26
0 80 27 12 E 9 12 11 
2 DOUBLE SYNC MARKER
1 1 0 0 0 1 1 1 2 0 0 0 1 0 0 0 1 0 2 0 0 1 1 0 0 1 0 0 2 0 0 1 1 0 0 0 1 0 2 0 1 0 0 0 0 0 0 1 2 0 0 0 1 1 0 0 0 0 2 FRAME: 
FAILED VALIDATION @ 2011/12/9 7:27
2 DOUBLE SYNC MARKER
3 
1 
0 
0 
1 
0 
0 
0 
2 0 0 0 1 0 0 0 1 0 
2 0 0 1 1 0 0 1 0 0 
2 0 0 1 1 0 0 0 1 0 
2 0 1 0 0 0 0 0 0 1 
2 0 0 0 1 0 0 0 0 0 
2 2 DOUBLE SYNC MARKER
0 1 0 0 1 0 0 1 2 0 0 0 1 0 0 0 1 0 2 0 0 1 1 0 0 1 0 0 2 0 0 1 1 0 0 0 1 0 2 0 1 0 0 0 0 0 0 1 2 0 0 0 1 0 0 0 0 0 2 FRAME: 
PASSED VALIDATION @ 2011/12/9 7:29
0 80 30 12 E 9 12 11 
0 
0 
0 
2 0 0 0 1 0 0 0 1 0 
2 0 0 2 
0 0 1 1 0 0 0 1 0 
2 0 1 0 0 0 0 0 0 1 
2 0 0 0 1 0 0 0 0 0 
2 2 DOUBLE SYNC MARKER
0 1 1 0 0 0 0 1 2 0 0 0 1 0 0 0 1 0 2 0 0 1 1 0 0 1 0 0 2 0 0 1 1 0 0 0 1 0 2 0 1 0 0 0 0 0 0 1 2 0 0 0 1 0 0 0 0 0 2 FRAME: 
PASSED VALIDATION @ 2011/12/9 7:31
0 80 32 12 E 9 12 11 
0 
0 
0 
1 
0 
2 0 0 0 1 0 0 0 1 0 
2 0 0 1 1 0 0 1 0 0 
2 1 0 0 0 1 0 2 
0 1 0 0 0 0 0 0 1 
2 0 0 0 1 0 0 0 0 0 
2 2 DOUBLE SYNC MARKER
0 1 1 0 0 0 1 1 2 0 0 0 1 0 0 0 1 0 2 0 0 1 1 0 0 1 0 0 2 0 0 1 1 0 0 0 1 0 2 0 1 0 0 0 0 0 0 1 2 0 0 0 1 0 0 0 0 0 2 FRAME: 
PASSED VALIDATION @ 2011/12/9 7:33
0 80 34 12 E 9 12 11 
2 DOUBLE SYNC MARKER
0 1 1 0 0 1 0 0 2 0 0 0 1 0 0 0 1 0 2 0 0 1 1 0 0 1 0 0 2 0 0 1 1 0 0 0 1 0 2 0 1 0 0 0 0 0 0 1 2 0 0 0 1 0 0 0 0 0 2 FRAME: 
PASSED VALIDATION @ 2011/12/9 7:34
0 80 35 12 E 9 12 11 
3 
2 0 1 0 1 2 
0 0 0 1 0 0 0 1 0 
2 0 0 1 1 0 0 1 0 0 
2 0 0 1 1 0 0 0 1 0 
2 0 1 0 0 0 0 0 0 1 
2 0 0 0 1 0 0 0 0 0 
2 2 DOUBLE SYNC MARKER
1 1 1 0 0 1 1 0 2 0 0 0 1 0 0 0 1 0 2 0 0 1 1 0 0 1 0 0 2 0 0 1 1 0 0 0 1 0 2 0 1 0 0 0 0 0 0 1 2 0 0 0 1 0 0 0 0 0 2 FRAME: 
FAILED VALIDATION @ 2011/12/9 7:36
0 
0 
1 
1 
1 
2 0 0 0 1 0 0 0 1 0 
2 0 0 1 1 0 0 1 0 0 
2 0 0 1 1 0 0 0 1 0 
2 0 1 0 0 0 0 0 0 1 
2 0 0 0 1 0 0 0 0 0 
2 2 DOUBLE SYNC MARKER
0 1 1 0 1 0 0 0 2 0 0 0 1 0 0 0 1 0 2 0 0 1 1 0 0 1 0 0 2 0 0 1 1 0 0 0 1 0 2 0 1 0 0 0 0 0 0 1 2 0 0 1 1 0 0 0 0 0 2 FRAME: 
PASSED VALIDATION @ 2011/12/9 7:38
0 80 39 12 A 9 12 13 
2 DOUBLE SYNC MARKER
1 1 1 0 1 0 0 1 2 0 0 0 1 0 0 0 1 0 2 0 0 1 1 0 0 1 0 0 2 0 0 1 1 0 0 0 1 0 2 0 1 0 0 0 0 0 0 1 2 0 0 0 1 0 0 0 0 0 2 FRAME: 
FAILED VALIDATION @ 2011/12/9 7:39
2 DOUBLE SYNC MARKER
1 0 0 0 0 0 0 0 2 0 0 0 1 0 0 0 1 0 2 0 0 1 1 0 0 1 0 0 2 0 0 1 1 0 0 0 1 0 2 0 1 0 0 0 0 0 0 1 2 0 0 0 1 0 0 0 0 0 2 FRAME: 
PASSED VALIDATION @ 2011/12/9 7:40
0 80 41 12 E 9 12 11 
1 
1 
0 
0 
0 
0 
0 
0 
1 
2 0 1 0 1 0 0 0 1 0 
2 0 0 1 1 0 0 1 0 0 
2 0 0 1 1 0 0 0 1 0 
2 0 1 0 0 0 0 0 0 1 
2 0 0 0 1 0 0 0 0 0 
2 2 DOUBLE SYNC MARKER
1 0 0 0 0 0 1 0 2 0 0 0 1 0 0 0 1 0 2 0 0 1 1 0 0 1 0 0 2 0 0 1 1 0 0 0 1 0 2 0 1 0 0 0 0 0 0 1 2 0 0 0 1 0 0 0 0 0 2 FRAME: 
PASSED VALIDATION @ 2011/12/9 7:42
0 80 43 12 E 9 12 11 
0 
1 
0 
0 
0 
1 
0 
0 
0 
1 
0 
2 0 0 1 1 0 0 1 0 0 
2 0 0 1 1 0 0 0 1 0 
2 0 1 0 0 0 0 0 0 1 
2 0 0 0 1 0 0 0 0 0 
2 2 DOUBLE SYNC MARKER
1 0 0 0 0 1 0 0 2 0 0 0 1 0 0 0 1 0 2 0 0 1 1 0 0 1 0 0 2 0 0 1 1 0 0 0 1 0 2 0 1 0 0 0 0 0 0 1 2 0 0 0 1 0 0 0 0 0 2 FRAME: 
PASSED VALIDATION @ 2011/12/9 7:44
0 80 45 12 E 9 12 11 
2 DOUBLE SYNC MARKER
1 0 0 0 0 1 0 1 2 0 0 0 1 0 0 0 1 0 2 0 0 1 1 0 0 1 0 0 2 0 0 1 1 0 0 0 1 0 2 0 1 0 0 0 0 0 0 1 2 0 0 0 1 0 0 0 0 0 2 FRAME: 
PASSED VALIDATION @ 2011/12/9 7:45
0 80 46 12 E 9 12 11 
2 DOUBLE SYNC MARKER
1 0 0 0 0 1 1 0 2 0 0 0 1 0 0 0 1 0 2 0 0 1 1 0 0 1 0 0 2 0 0 1 1 0 0 0 1 0 2 0 1 0 0 0 0 0 0 1 2 0 0 0 1 0 0 0 0 0 2 FRAME: 
PASSED VALIDATION @ 2011/12/9 7:46
0 80 47 12 E 9 12 11 
2 DOUBLE SYNC MARKER
1 0 0 0 0 1 1 1 2 0 0 0 1 0 0 0 1 0 2 0 0 1 1 0 0 1 0 0 2 0 0 1 1 0 0 0 1 0 2 0 1 0 0 0 0 0 0 1 2 0 0 0 1 0 0 0 0 0 2 FRAME: 
PASSED VALIDATION @ 2011/12/9 7:47
0 80 48 12 E 9 12 11 
2 DOUBLE SYNC MARKER
1 0 0 0 1 0 0 0 2 0 0 0 1 0 0 0 1 0 2 0 0 1 1 0 0 1 0 0 2 0 0 1 1 0 0 0 1 0 2 0 1 0 0 0 0 0 0 1 2 0 0 0 1 0 0 0 0 0 2 FRAME: 
PASSED VALIDATION @ 2011/12/9 7:48
0 80 49 12 E 9 12 11 
2 DOUBLE SYNC MARKER
1 0 0 0 1 0 0 1 2 0 0 0 1 0 0 0 1 0 2 0 0 1 1 0 0 1 0 0 2 0 0 1 1 0 0 0 1 0 2 0 1 0 0 0 0 0 0 1 2 0 0 0 1 0 0 0 0 0 2 FRAME: 
PASSED VALIDATION @ 2011/12/9 7:49
0 80 50 12 E 9 12 11 
1 
1 
0 
1 
0 
0 
0 
0 
0 
2 0 0 0 1 0 0 0 1 0 
2 0 0 1 1 0 0 1 0 0 
2 0 0 1 1 0 0 0 1 0 
2 0 1 0 0 0 0 0 0 1 
2 0 0 0 1 0 0 0 0 0 
2 2 DOUBLE SYNC MARKER
1 0 1 0 0 0 0 1 2 0 0 0 1 0 0 0 1 0 2 0 0 1 1 0 0 1 0 0 2 0 0 1 1 0 0 0 1 0 2 0 1 0 0 0 0 0 0 1 2 0 0 0 1 0 0 0 0 0 2 FRAME: 
PASSED VALIDATION @ 2011/12/9 7:51
0 80 52 12 E 9 12 11 
2 DOUBLE SYNC MARKER
1 0 1 0 0 0 1 0 2 0 0 0 1 0 0 0 1 0 2 0 0 1 1 0 0 1 0 1 2 0 0 1 1 0 0 0 1 0 2 0 1 0 0 0 0 0 0 1 2 0 0 0 1 0 0 0 0 0 2 FRAME: 
PASSED VALIDATION @ 2011/12/9 7:52
0 80 53 12 A 19 12 11 
1 
1 
0 
1 
0 
0 
0 
1 
1 
2 0 0 0 1 0 0 0 1 0 
2 0 0 1 1 0 0 1 0 0 
2 0 0 1 1 0 0 0 1 0 
2 0 1 0 0 0 0 0 0 1 
2 1 0 0 1 0 0 0 0 0 
2 2 DOUBLE SYNC MARKER
1 0 1 0 0 1 0 0 2 0 0 0 1 0 0 0 1 0 2 0 0 1 1 0 0 1 0 0 2 0 0 1 1 0 0 0 1 0 2 0 1 0 0 0 0 0 0 1 2 0 0 0 1 0 0 0 0 0 2 FRAME: 
PASSED VALIDATION @ 2011/12/9 7:54
0 80 55 12 E 9 12 11 
1 
1 
0 
1 
0 
0 
1 
1 
1 
2 0 0 0 1 0 0 0 1 0 
2 0 0 1 1 0 0 1 0 0 
2 0 0 1 1 0 0 0 1 0 
2 0 1 0 0 0 0 0 0 1 
2 0 0 0 1 0 0 0 0 0 
2 2 DOUBLE SYNC MARKER
1 0 1 0 0 1 1 0 2 0 0 0 1 0 0 0 1 0 2 0 0 1 1 0 0 1 0 0 2 0 0 1 1 0 0 0 1 0 2 0 1 0 0 0 0 0 0 1 2 0 0 0 1 0 0 0 0 1 0 
1 
0 
0 
1 
1 
1 
2 0 0 0 1 0 0 0 1 0 
2 0 0 1 1 0 0 1 0 0 
1 
0 
2 0 1 0 0 0 0 0 0 1 
2 0 0 0 1 0 0 0 0 0 
2 2 DOUBLE SYNC MARKER
1 0 1 0 1 0 0 0 2 0 0 0 1 0 0 0 1 0 2 0 0 1 1 0 0 1 0 0 2 0 0 1 1 0 0 0 1 0 2 0 1 0 0 0 0 0 0 1 2 0 0 0 1 0 0 0 0 0 2 FRAME: 
PASSED VALIDATION @ 2011/12/9 7:58
0 80 59 12 E 9 12 11 
0 
1 
0 
1 
2 0 0 0 1 0 0 0 1 0 
2 0 0 1 1 0 0 1 0 0 
2 0 0 0 1 0 2 
0 1 0 0 0 0 0 0 1 
2 0 0 0 1 0 0 0 0 0 
2 2 DOUBLE SYNC MARKER
0 0 0 2 
0 0 0 1 1 2 
0 0 1 1 0 0 1 1 1 
0 
0 
0 
1 
0 
0 
0 
0 
1 
2 0 0 0 1 0 0 0 0 0 
2 2 DOUBLE SYNC MARKER
0 0 0 0 0 0 0 1 2 0 3 1 2 
0 0 1 2 
0 0 1 0 2 
0 1 0 0 0 0 0 0 1 
2 0 0 0 1 0 0 0 0 0 
2 2 DOUBLE SYNC MARKER
0 0 0 0 0 1 1 2 
0 0 1 1 0 0 1 0 0 
2 0 0 1 1 0 0 0 1 0 
2 0 0 1 0 0 0 0 0 2 2 DOUBLE SYNC MARKER
0 0 0 0 0 0 0 0 0 
1 
0 
0 
0 
1 
1 
2 0 0 1 1 0 0 1 0 0 
2 0 0 1 1 0 0 0 1 0 
2 0 1 0 0 0 0 0 0 1 
2 0 0 0 1 0 0 0 1 0 
2 2 DOUBLE SYNC MARKER
0 0 0 0 0 1 0 0 2 0 0 0 1 0 0 0 1 1 2 0 0 1 1 0 0 1 0 0 2 0 0 1 1 0 0 0 1 0 2 0 1 0 0 0 0 0 0 1 2 0 0 0 1 0 0 0 0 0 2 FRAME: 
PASSED VALIDATION @ 2011/12/9 8:4
0 80 5 13 E 9 12 11 
0 
0 
1 
0 
1 
2 0 0 0 1 3 
0 
0 
1 
1 
2 0 0 1 1 0 0 1 0 0 
2 0 0 1 1 0 0 0 1 0 
2 0 1 0 0 0 0 0 0 1 
2 0 0 0 1 0 0 0 0 0 
2 2 DOUBLE SYNC MARKER
0 0 0 0 0 1 1 0 2 0 0 0 1 0 0 0 1 1 2 0 0 1 1 0 0 1 0 0 2 0 0 1 1 0 0 0 1 0 2 0 1 0 0 3 0 0 0 1 2 0 0 0 1 0 0 0 0 0 2 FRAME: 
PASSED VALIDATION @ 2011/12/9 8:6
0 80 7 13 E 9 12 11 
2 DOUBLE SYNC MARKER
3 
0 
0 
0 
0 
1 
1 
1 
2 0 0 0 1 0 0 0 1 1 
2 0 0 1 1 0 0 1 0 0 
2 0 0 1 1 0 0 0 1 0 
2 0 1 0 3 0 0 0 0 1 
2 0 0 0 1 0 0 0 0 0 
2 2 DOUBLE SYNC MARKER
0 0 0 2 
0 0 0 1 0 0 0 1 1 
2 0 0 1 1 0 0 1 0 0 
2 0 0 1 1 0 0 0 1 0 
2 0 1 0 0 0 0 0 0 1 
2 0 0 0 1 0 0 0 0 0 
2 2 DOUBLE SYNC MARKER
0 0 0 0 1 0 0 1 2 0 0 0 1 0 0 0 1 1 2 0 0 1 1 0 0 1 0 0 2 0 0 1 1 0 0 0 1 0 2 0 1 0 0 0 0 0 0 1 2 0 0 0 1 0 0 0 0 1 2 FRAME: 
PASSED VALIDATION @ 2011/12/9 8:9
0 80 10 13 E 9 12 11 
2 DOUBLE SYNC MARKER
0 0 2 
0 0 0 1 0 0 0 1 1 
2 0 0 1 1 0 0 1 0 0 
2 0 0 1 1 0 0 0 1 0 
2 0 1 0 0 0 0 0 0 1 
2 0 0 0 1 0 0 0 0 0 
2 2 DOUBLE SYNC MARKER
0 0 1 0 0 0 0 1 2 0 0 0 1 1 0 0 1 1 2 0 0 1 1 0 0 1 0 0 2 0 0 1 1 0 0 0 1 0 2 0 1 0 0 0 0 0 0 1 2 0 0 0 1 0 0 0 0 0 2 FRAME: 
PASSED VALIDATION @ 2011/12/9 8:11
0 80 12 13 E 9 12 11 
0 
1 
0 
2 0 0 0 1 0 0 0 1 1 
2 0 0 1 1 0 0 1 0 0 
2 0 0 1 1 0 0 0 1 0 
2 0 1 0 0 0 0 0 0 1 
2 0 0 0 1 0 0 0 0 0 
2 2 DOUBLE SYNC MARKER
0 0 1 0 0 0 1 1 2 0 0 0 1 0 0 0 1 1 2 0 0 1 1 0 0 1 0 0 2 0 0 1 1 0 0 0 1 0 2 0 1 0 0 0 0 0 0 1 2 0 0 0 1 0 0 1 0 0 2 FRAME: 
PASSED VALIDATION @ 2011/12/9 8:13
0 80 14 13 E 9 12 11 
3 
0 
0 
1 
0 
0 
1 
0 
0 
2 0 0 0 1 0 0 0 1 1 
2 0 0 1 1 0 0 1 0 0 
2 0 0 1 1 0 0 0 1 0 
2 0 1 0 0 0 0 0 0 1 
2 0 0 0 1 0 0 0 0 0 
2 2 DOUBLE SYNC MARKER
0 0 1 0 0 1 1 1 2 0 0 0 1 0 0 0 1 1 2 0 0 1 1 0 0 1 0 0 2 0 0 1 1 0 0 0 1 0 2 0 1 0 0 0 0 0 0 1 2 0 0 0 1 0 0 0 0 0 2 FRAME: 
PASSED VALIDATION @ 2011/12/9 8:15
0 80 18 13 E 9 12 11 
2 DOUBLE SYNC MARKER
1 1 1 0 0 1 1 0 2 0 0 0 1 0 0 0 1 1 2 0 0 1 1 0 0 1 0 0 2 0 0 1 1 0 0 0 1 0 2 0 1 0 0 0 0 0 0 1 2 0 0 0 1 0 0 0 0 0 2 FRAME: 
FAILED VALIDATION @ 2011/12/9 8:16
1 
1 
2 0 0 0 1 0 0 0 1 1 
2 0 0 1 1 0 0 1 0 0 
2 0 0 1 1 0 0 0 1 0 
2 0 1 0 0 0 0 0 0 1 
2 0 0 0 1 0 0 0 0 0 
2 2 DOUBLE SYNC MARKER
0 0 1 0 1 0 0 0 2 0 0 0 1 1 2 
0 0 1 1 0 0 1 0 0 
2 0 0 1 1 0 0 0 1 0 
2 0 1 0 0 0 0 0 0 1 
2 0 0 0 1 0 0 0 0 0 
2 2 DOUBLE SYNC MARKER
0 0 1 1 1 0 0 1 2 0 0 0 1 0 0 0 1 1 2 0 0 1 1 0 0 1 0 0 2 0 0 1 1 0 0 0 1 0 2 0 1 0 0 0 0 0 0 1 2 0 0 0 1 0 0 0 0 0 2 FRAME: 
PASSED VALIDATION @ 2011/12/9 8:19
0 80 20 13 E 9 12 11 
0 
0 
0 
0 
1 
0 
0 
0 
1 
1 
2 0 0 1 1 0 0 1 0 0 
2 0 0 1 1 0 0 0 1 0 
0 
0 
0 
0 
0 
1 
2 0 0 0 1 0 0 0 0 0 
2 2 DOUBLE SYNC MARKER
0 1 0 0 0 0 0 1 2 0 0 0 1 0 0 0 1 1 2 0 0 1 1 0 0 1 0 0 2 0 0 1 1 0 0 0 1 0 2 0 1 0 0 0 0 0 0 1 2 0 0 0 1 0 0 0 0 0 2 FRAME: 
PASSED VALIDATION @ 2011/12/9 8:21
0 80 22 13 E 9 12 11 
0 
0 
0 
1 
0 
2 0 0 0 1 0 0 0 1 1 
2 0 0 1 1 0 0 1 0 0 
2 0 0 1 1 0 0 0 1 0 
2 0 1 0 0 0 0 0 0 1 
2 0 0 0 1 0 0 0 0 0 
2 2 DOUBLE SYNC MARKER
0 1 0 0 0 0 1 1 2 0 0 0 1 0 0 0 1 1 2 0 0 1 1 0 0 1 0 0 2 0 0 1 1 0 0 0 1 0 2 0 1 0 0 0 0 0 0 1 2 0 0 1 1 0 0 0 0 0 2 FRAME: 
PASSED VALIDATION @ 2011/12/9 8:23
0 80 24 13 A 9 12 13 
2 DOUBLE SYNC MARKER
0 1 0 0 0 1 0 0 2 0 0 0 1 0 0 0 1 1 2 0 0 1 1 0 0 1 0 0 2 0 0 1 1 0 0 0 1 0 2 0 1 0 0 0 0 0 0 1 2 0 0 0 1 0 0 0 0 0 2 FRAME: 
PASSED VALIDATION @ 2011/12/9 8:24
0 80 25 13 E 9 12 11 
0 
1 
2 0 0 0 1 0 0 0 1 1 
2 0 0 1 1 0 0 1 0 0 
2 0 0 1 1 0 0 0 1 0 
2 0 1 0 0 0 0 0 0 1 
2 0 0 0 1 0 0 0 0 0 
2 2 DOUBLE SYNC MARKER
1 1 0 0 0 1 1 0 2 0 0 0 1 0 0 0 1 1 2 0 0 1 1 0 0 1 0 0 2 0 0 1 1 0 0 0 1 0 2 0 1 0 0 0 0 0 0 1 2 0 0 0 1 0 0 0 0 0 2 FRAME: 
FAILED VALIDATION @ 2011/12/9 8:26
0 
0 
0 
0 
0 
0 
0 
1 
1 
2 0 0 1 1 0 0 1 0 0 
2 0 0 1 1 0 0 0 1 0 
2 0 1 0 0 0 0 0 0 1 
2 0 0 0 1 0 0 0 0 0 
2 2 DOUBLE SYNC MARKER
0 1 0 0 1 0 0 0 2 0 0 0 1 0 0 0 1 1 2 0 0 1 1 0 0 1 0 0 2 0 0 1 1 0 0 0 1 0 2 0 1 0 0 0 0 0 0 1 2 0 0 0 1 0 0 0 0 0 2 FRAME: 
PASSED VALIDATION @ 2011/12/9 8:28
0 80 29 13 E 9 12 11 
0 
1 
0 
0 
0 
1 
1 
2 0 0 1 1 0 0 1 0 0 
2 0 0 1 1 0 0 0 1 0 
2 0 1 0 0 0 0 0 0 1 
2 0 0 0 1 0 0 0 0 0 
2 2 DOUBLE SYNC MARKER
0 1 1 0 0 0 0 0 2 0 0 0 1 0 0 0 1 1 2 0 0 1 1 0 0 1 0 0 2 0 0 1 1 0 0 0 1 0 2 0 1 0 0 0 0 0 0 1 2 0 0 0 1 0 0 0 0 0 2 FRAME: 
PASSED VALIDATION @ 2011/12/9 8:30
0 80 31 13 E 9 12 11 
2 DOUBLE SYNC MARKER
0 1 1 0 0 0 0 1 2 0 0 0 1 0 0 0 1 1 2 0 0 1 1 0 0 1 0 0 2 0 0 1 1 0 0 0 1 0 2 0 1 0 0 0 0 0 0 1 2 0 0 0 1 0 0 3 0 0 2 FRAME: 
PASSED VALIDATION @ 2011/12/9 8:31
0 80 32 13 E 9 12 11 
0 
2 0 0 0 1 0 0 0 1 1 
2 0 0 1 1 0 0 1 0 0 
2 0 0 1 1 0 0 0 1 0 
2 0 1 0 0 0 0 0 0 1 
2 0 0 0 1 0 0 0 0 0 
2 2 DOUBLE SYNC MARKER
0 1 1 0 0 0 1 1 2 0 0 0 1 0 0 0 1 1 2 0 0 1 1 1 0 1 0 0 2 0 0 1 1 0 0 0 1 0 2 0 1 0 0 0 0 0 0 1 2 0 0 0 1 0 0 0 0 0 2 FRAME: 
PASSED VALIDATION @ 2011/12/9 8:33
0 80 34 13 E 9 12 11 
0 
0 
2 0 0 0 1 0 0 0 1 1 
2 0 0 1 1 0 0 1 0 0 
2 0 0 1 1 0 0 0 1 0 
2 0 1 0 0 0 0 0 0 1 
2 0 0 0 1 0 0 0 0 0 
2 2 DOUBLE SYNC MARKER
1 1 1 0 0 1 0 1 2 0 0 0 1 0 0 0 1 1 2 0 0 1 1 0 0 1 0 0 2 0 0 1 1 0 0 0 1 0 2 0 1 0 0 0 0 0 0 1 2 0 0 0 1 0 0 0 0 0 2 FRAME: 
FAILED VALIDATION @ 2011/12/9 8:35
2 DOUBLE SYNC MARKER
1 1 1 0 0 1 1 0 2 0 0 0 1 0 0 0 1 1 2 0 0 1 1 0 0 1 0 0 2 0 0 1 1 0 0 0 1 1 2 0 1 0 0 0 0 0 0 1 2 0 0 0 1 0 0 0 0 0 2 FRAME: 
FAILED VALIDATION @ 2011/12/9 8:36
0 
0 
1 
1 
1 
2 0 0 0 1 0 0 0 1 1 
2 0 1 1 1 0 0 1 0 0 
2 0 0 1 1 0 0 0 1 0 
2 0 1 0 0 0 0 0 0 1 
2 0 0 0 1 0 0 0 0 0 
2 2 DOUBLE SYNC MARKER
0 1 1 0 1 0 0 0 2 0 0 0 1 0 0 0 1 1 2 0 0 1 1 0 0 1 0 0 2 0 0 1 1 0 0 0 1 0 2 0 1 0 0 0 0 0 0 1 2 0 0 3 
1 
0 
0 
0 
0 
0 
2 2 DOUBLE SYNC MARKER
1 2 
0 0 0 1 0 0 0 1 1 
2 0 0 1 1 0 0 1 0 0 
2 0 0 1 1 0 0 0 1 0 
2 0 1 0 0 0 0 0 0 1 
2 0 0 0 1 0 0 0 2 
0 0 0 1 0 0 0 1 1 
2 0 0 1 1 0 0 1 0 0 
2 0 0 1 1 0 0 0 1 0 
2 0 1 0 0 0 0 0 0 1 
2 0 0 0 1 0 0 0 0 0 
2 2 DOUBLE SYNC MARKER
1 0 0 0 0 0 0 1 2 0 0 0 1 0 0 0 1 1 2 0 0 1 1 0 0 1 0 0 2 0 0 1 1 0 0 0 1 0 2 0 0 0 0 1 0 0 0 0 0 
2 2 DOUBLE SYNC MARKER
1 0 0 0 0 0 1 0 2 0 0 0 1 0 0 0 1 1 2 0 0 1 1 0 0 1 0 0 2 0 0 1 1 0 0 3 
1 
0 
2 0 1 0 0 0 0 0 0 1 
2 0 0 0 1 0 0 0 0 0 
2 2 DOUBLE SYNC MARKER
1 0 0 0 0 0 1 1 2 0 0 0 1 0 0 0 1 1 2 0 0 1 1 0 0 1 0 0 2 0 0 0 0 0 1 0 2 
0 1 0 0 0 0 0 0 1 
2 0 2 
0 0 1 0 0 2 
0 0 0 1 0 0 0 1 1 
2 0 0 1 1 0 0 1 0 0 
2 0 0 1 1 0 0 0 1 0 
2 0 1 0 0 0 0 0 0 1 
2 0 0 0 1 0 0 0 0 0 
2 2 DOUBLE SYNC MARKER
1 0 0 0 0 1 0 1 2 0 0 0 1 0 0 0 1 1 2 0 0 1 1 0 0 1 0 0 1 
1 
0 
0 
0 
1 
0 
2 0 1 0 0 0 0 0 0 1 
2 0 0 0 1 0 0 0 0 0 
2 2 DOUBLE SYNC MARKER
1 0 0 0 0 1 1 0 2 0 0 0 1 0 0 0 1 1 2 0 0 1 1 0 0 1 0 0 2 0 0 1 1 0 0 0 1 0 2 0 1 0 0 0 0 0 0 1 2 0 0 0 1 0 0 0 0 0 2 FRAME: 
PASSED VALIDATION @ 2011/12/9 8:46
0 80 47 13 E 9 12 11 
0 
2 0 0 0 1 0 0 0 1 1 
2 0 0 1 1 0 0 1 0 0 
2 0 0 1 1 0 0 0 1 0 
2 0 1 0 0 0 0 0 0 1 
2 0 0 0 1 0 0 0 0 0 
2 2 DOUBLE SYNC MARKER
1 1 0 0 1 0 0 0 2 0 0 0 1 3 0 0 1 1 2 0 0 0 0 2 
0 0 1 1 0 0 0 1 0 
2 0 1 0 0 0 0 0 0 1 
2 0 0 0 1 0 0 0 0 0 
2 2 DOUBLE SYNC MARKER
1 0 0 0 1 1 0 1 2 0 0 0 1 0 0 0 1 1 2 0 0 1 1 0 0 1 0 0 2 0 0 1 1 0 0 0 1 0 2 0 1 0 0 0 0 1 0 0 0 
0 
0 
2 2 DOUBLE SYNC MARKER
1 0 1 0 0 0 0 0 2 0 0 0 1 0 0 0 1 1 2 0 0 1 1 0 0 1 0 0 2 0 0 1 1 0 0 0 1 0 2 0 1 0 0 0 0 0 1 0 0 
0 
0 
0 
2 2 DOUBLE SYNC MARKER
1 0 1 0 0 0 0 1 2 0 0 0 1 0 0 0 1 1 2 0 0 1 1 0 0 1 0 0 2 0 0 1 1 0 0 0 1 0 2 0 1 0 0 0 0 0 0 1 2 0 0 0 1 0 0 0 0 0 2 FRAME: 
PASSED VALIDATION @ 2011/12/9 8:51
0 80 52 13 E 9 12 11 
2 DOUBLE SYNC MARKER
2 DOUBLE SYNC MARKER
2 DOUBLE SYNC MARKER
1 0 0 0 1 0 2 
0 0 0 1 0 0 0 1 1 
2 0 0 1 1 0 0 1 0 0 
2 0 0 1 1 0 0 0 1 3 
2 0 1 0 0 0 0 0 0 1 
2 0 0 0 1 0 0 0 0 0 
2 2 DOUBLE SYNC MARKER
1 0 1 0 0 0 1 1 2 0 0 0 1 0 0 0 1 1 2 0 0 1 1 0 0 1 0 0 2 0 0 1 1 0 0 0 1 0 2 0 1 0 0 0 0 0 0 1 2 0 0 0 1 0 0 0 0 0 2 FRAME: 
PASSED VALIDATION @ 2011/12/9 8:53
0 80 54 13 E 9 12 11 
1 
0 
0 
2 0 0 0 1 0 0 0 1 1 
2 0 0 1 1 0 0 1 0 0 
2 0 0 1 1 0 0 0 1 0 
2 0 1 0 0 0 0 0 0 1 
2 0 0 0 1 0 0 0 0 0 
2 2 DOUBLE SYNC MARKER
1 0 1 0 0 1 0 1 2 0 0 0 1 0 0 0 1 1 2 0 0 1 1 0 0 1 0 0 2 0 0 1 1 0 0 0 1 0 2 0 1 0 0 0 0 0 0 1 2 0 0 0 1 0 0 1 0 0 2 FRAME: 
PASSED VALIDATION @ 2011/12/9 8:55
0 80 56 13 E 9 12 11 
1 
1 
0 
2 0 0 0 1 0 0 0 1 1 
2 0 0 1 1 0 0 1 0 0 
2 0 0 1 1 0 0 0 1 0 
2 0 1 0 0 0 0 0 0 1 
2 0 0 0 1 0 0 0 0 0 
2 2 DOUBLE SYNC MARKER
1 0 1 0 0 1 1 1 2 0 0 0 1 3 0 0 1 1 2 0 0 1 1 0 0 1 0 0 2 0 0 1 1 0 0 0 1 0 2 0 1 0 0 0 0 0 0 1 2 0 0 0 1 0 0 0 0 0 2 FRAME: 
PASSED VALIDATION @ 2011/12/9 8:57
0 80 58 13 E 9 12 11 
1 
0 
1 
0 
0 
0 
2 0 0 0 1 0 0 0 1 1 
2 0 0 1 1 0 0 0 0 1 
0 
0 
0 
0 
0 
0 
1 
2 0 0 0 1 0 0 0 0 0 
2 2 DOUBLE SYNC MARKER
1 0 1 0 1 0 0 1 2 0 0 0 1 0 0 0 0 0 1 
1 
0 
0 
1 
0 
0 
2 0 0 1 1 0 0 0 1 0 
2 0 0 0 0 1 2 
0 0 0 1 0 0 0 0 0 
2 2 DOUBLE SYNC MARKER
0 0 0 0 0 0 0 0 2 0 0 0 1 0 0 1 0 0 2 0 0 1 1 0 0 1 0 0 2 0 0 1 1 0 0 0 0 0 0 
0 
1 
2 0 0 0 1 0 0 0 0 0 
2 2 DOUBLE SYNC MARKER
0 0 0 1 2 
0 0 0 1 0 0 1 0 0 
2 0 0 1 1 0 0 1 0 0 
2 0 0 1 1 0 0 0 1 0 
2 0 1 0 0 0 0 0 0 0 
0 
0 
0 
1 
0 
2 0 0 0 1 0 0 0 1 1 
1 
0 
1 
0 
0 
2 0 0 1 1 0 0 0 1 0 
2 0 0 0 0 0 1 3 
0 
0 
0 
0 
2 2 DOUBLE SYNC MARKER
0 0 0 0 0 0 1 1 2 0 0 0 1 0 0 1 0 0 2 0 0 1 1 0 0 1 0 0 2 0 0 1 1 0 0 0 1 0 2 0 1 0 0 0 0 0 0 1 2 0 0 0 1 0 0 0 0 0 2 FRAME: 
PASSED VALIDATION @ 2011/12/9 9:3
0 80 4 14 E 9 12 11 
2 DOUBLE SYNC MARKER
3 
3 
0 
0 
0 
1 
0 
0 
2 0 0 0 1 3 
0 
1 
0 
0 
2 0 0 1 1 3 
0 
1 
1 
0 
2 0 0 1 1 1 2 
0 0 0 0 1 2 
0 0 0 1 1 3 
0 
0 
0 
2 2 DOUBLE SYNC MARKER
0 0 0 0 3 
1 
0 
1 
2 0 0 0 1 0 0 1 0 1 
1 
0 
1 
3 
0 
1 
0 
2 0 0 0 1 0 0 0 0 0 
2 2 DOUBLE SYNC MARKER
0 0 0 0 0 1 1 0 1 
0 
0 
1 
0 
0 
2 0 0 1 1 0 0 1 0 0 
2 0 0 1 1 0 0 0 1 3 
2 0 1 3 
0 
0 
0 
0 
0 
1 
2 0 0 0 1 0 0 0 0 0 
2 0 0 1 1 1 2 
0 0 0 1 0 0 1 3 
0 
2 0 0 1 1 0 0 2 
0 0 1 1 0 0 0 1 0 
2 0 1 1 0 0 0 0 0 1 
2 0 0 0 1 0 0 0 0 0 
2 2 DOUBLE SYNC MARKER
0 0 0 0 1 0 0 0 2 0 0 0 1 0 0 1 0 0 2 0 0 1 1 0 0 1 0 0 2 0 0 1 0 0 0 0 0 0 1 
2 0 0 0 1 0 0 0 0 0 
2 2 DOUBLE SYNC MARKER
1 0 0 0 0 1 0 0 2 0 0 1 1 0 0 1 0 1 0 
0 
0 
1 
0 
2 0 1 0 0 0 0 0 0 1 
2 0 0 0 1 0 0 0 0 0 
2 2 DOUBLE SYNC MARKER
0 0 1 0 0 0 0 0 2 0 0 0 0 2 
0 0 1 1 0 0 1 3 
0 
2 0 0 1 1 0 0 0 1 0 
2 0 1 0 0 0 0 0 0 1 
2 0 0 0 1 0 0 0 0 0 
2 2 DOUBLE SYNC MARKER
1 0 1 0 0 0 0 1 2 0 0 0 1 0 0 1 0 0 2 0 0 1 1 0 0 1 0 0 2 0 0 1 1 0 0 0 1 0 0 
0 
2 1 0 0 0 0 0 2 
2 DOUBLE SYNC MARKER
0 0 1 0 0 0 1 0 2 0 0 0 1 0 0 1 0 0 2 0 0 1 1 0 0 2 
0 0 1 1 0 0 0 1 0 
2 0 1 0 0 0 0 0 0 2 2 DOUBLE SYNC MARKER
3 
0 
1 
0 
0 
0 
1 
1 
2 0 0 0 1 0 0 1 0 0 
2 0 0 1 1 0 0 1 0 0 
1 
0 
0 
0 
1 
0 
2 0 1 0 0 0 0 1 0 0 
0 
0 
0 
2 2 DOUBLE SYNC MARKER
3 
0 
0 
0 
2 0 0 0 1 0 3 
1 
0 
0 
2 0 0 1 1 0 0 0 1 0 
2 0 1 0 0 0 0 0 0 1 
2 0 0 0 1 0 0 0 0 0 
2 2 DOUBLE SYNC MARKER
0 0 1 0 0 1 0 1 2 0 0 0 1 0 0 1 0 0 2 0 0 1 1 0 0 1 0 0 2 1 0 0 0 1 0 2 
0 1 0 0 0 0 0 0 1 
2 0 0 0 1 0 0 0 0 0 
2 2 DOUBLE SYNC MARKER
0 0 1 0 1 0 0 1 0 
0 
2 0 0 1 1 0 0 1 0 0 
2 0 0 1 1 0 0 0 1 1 
2 0 1 0 0 0 0 0 0 1 
2 0 0 0 1 0 0 0 0 0 
2 2 DOUBLE SYNC MARKER
0 0 1 0 0 1 1 1 2 0 0 0 0 1 1 0 0 0 1 
0 
0 
0 
1 
0 
0 
2 2 DOUBLE SYNC MARKER
0 0 1 0 1 0 0 0 2 0 0 0 1 0 0 1 0 0 2 0 0 0 0 2 
0 0 1 1 0 0 0 1 0 
2 0 1 2 
0 0 0 1 0 0 0 0 0 
2 2 DOUBLE SYNC MARKER
0 0 0 0 1 2 
0 3 
0 
1 
0 
0 
1 
0 
0 
2 0 0 1 1 0 0 1 0 0 
2 0 1 0 2 
0 1 0 0 0 0 0 0 1 
2 0 0 0 1 0 0 0 0 0 
2 2 DOUBLE SYNC MARKER
0 0 0 0 0 1 0 0 1 
0 
0 
2 0 0 1 1 0 0 1 0 0 
2 0 0 1 1 0 0 0 1 0 
0 
1 
0 
1 
0 
0 
0 
2 0 1 0 0 1 0 0 1 0 
0 
1 
0 
0 
1 
0 
0 
2 0 0 1 1 0 0 0 1 0 
2 0 1 0 0 0 0 0 0 1 
0 
2 0 0 0 1 0 0 1 1 0 
2 0 0 1 1 0 0 1 0 0 
2 0 0 1 1 0 0 0 1 0 
2 0 1 0 0 0 0 1 0 0 
0 
0 
2 2 DOUBLE SYNC MARKER
3 
1 
0 
0 
0 
0 
1 
1 
2 0 0 0 1 0 0 1 0 0 
2 0 0 1 1 0 0 1 0 0 
2 0 0 1 1 0 0 0 1 0 
2 0 1 0 0 0 0 0 0 1 
0 
0 
0 
0 
0 
2 2 DOUBLE SYNC MARKER
1 1 0 0 0 1 0 0 2 0 0 0 1 0 0 1 0 0 2 0 0 1 1 0 0 1 0 0 2 0 0 0 0 1 0 0 0 0 2 2 DOUBLE SYNC MARKER
0 1 0 0 0 1 0 1 2 0 0 0 0 