2 0 1 1 0 0 0 1 1	33 min
2 0 0 0 0 0 1 0 0 0	8 hrs (we are UTC-5 hours = 3AM)
2 0 0 1 1 0 0 1 0 0	340 days
2 0 0 0 0 0 0 0 1 0	
2 0 1 0 0 0 0 0 0 1	10 yrs
2 0 0 0 1 0 0 0 0 0	1 yrs

2 1 0 0 0 0 1 0 0	44 min
2 0 0 0 0 0 1 0 0 0	8 hrs
2 0 0 1 1 0 0 1 0 0	340 days
2 0 0 0 0 0 0 0 1 0	
2 0 1 0 0 0 0 0 0 1	10 yrs
2 0 0 0 1 0 0 0 0 0	1 yrs

2 1 0 0 0 0 1 1 1	47 min
2 0 0 0 0 0 1 0 0 0	8 hrs
2 0 0 1 1 0 0 1 0 0	340 days
2 0 0 0 0 0 0 0 1 0	
2 0 1 0 0 0 0 0 0 1	10 yrs
2 0 0 0 1 0 0 0 0 0	1 yrs

2 1 0 1 0 0 0 1 0 
2 0 0 0 0 0 1 0 0 0 
2 0 0 1 1 3 0 1 0 0 
2 0 0 0 0 0 0 0 1 0 
2 0 1 0 0 0 0 0 0 1 
2 0 0 0 1 0 0 0 0 0

2 1 0 1 3 0 0 1 1 
2 0 0 0 0 0 1 0 0 0 
2 0 0 1 1 0 0 1 0 0 
2 0 0 0 0 0 0 0 1 0 
2 0 1 0 0 0 0 0 0 1 
2 0 0 0 1 0 0 0 0 0

2 1 0 1 0 0 1 1 1 
2 0 0 0 0 0 1 0 0 0 
2 0 0 1 1 0 0 1 0 0 
2 0 0 0 0 0 0 0 1 0 
2 0 1 0 0 0 0 0 0 1 
2 0 0 0 1 0 0 0 0 0

2 0 0 0 0 0 0 0 1	1 min
2 0 0 0 0 0 1 0 0 1	9 hrs
2 0 0 1 1 0 0 1 0 0	340 days
2 0 0 0 0 0 0 0 1 0 
2 0 1 0 0 0 0 0 0 1	10 yrs
2 0 0 0 1 0 0 0 0 0	1 yrs

